x y obj1 obj2
3.70648764509 -0.128876083793 -13.7546597082 2.92870912783
4.86713514195 -0.0103484478338 -23.6891115803 8.22057101255
4.15642415387 0.0227759114985 -17.276380489 4.65068387352
3.62153019283 -0.0567984042501 -13.1187069963 2.63258622499
5.0 -0.486033447602 -25.2362285122 9.23622851219
5.0 -0.665625011042 -25.4430566553 9.44305665532
3.67611325774 -0.0648019827388 -13.5180079807 2.81355494973
3.66421175805 0.306144176823 -13.5201720649 2.86332503264
2.47092735662 -0.0103484478338 -6.10558909206 0.221879665585
4.92347657446 -0.0648019827388 -24.2448208762 8.55091457838
2.18434576112 -0.0648019827388 -4.77556570111 0.0381826566113
5.0 -4.37000789199 -44.0969689761 28.0969689761
3.35126691459 0.0227759114985 -11.231508675 1.82644101662
5.0 -3.20037678606 -35.2424115727 19.2424115727
5.0 3.82650908754 -39.642171797 23.642171797
2.58002226686 0.0675075772215 -6.66107217048 0.340983103037
5.0 1.48568215462 -27.2072514646 11.2072514646
4.84356082878 -0.274148445989 -23.5352388725 8.16099555741
5.0 -0.256053714052 -25.0655635045 9.06556350448
3.42470281116 -0.161532738072 -11.7546821702 2.0558709256
5.0 5.0 -50.0 34.0
3.9077116851 -0.0648019827388 -15.2744099108 3.64356317043
3.4389182396 -0.182047757399 -11.8593000447 2.10362708624
2.67288506931 0.0349744948553 -7.14553780901 0.453997531785
4.29467746762 -0.179300138703 -18.4764030907 5.29769322016
2.08701098783 -0.0338051825758 -4.35675765371 0.00871370237284
5.0 4.94300508116 -49.4332992324 33.4332992324
4.12030315533 -0.113499986497 -16.9897803388 4.50856771745
5.0 -0.612678997238 -25.3753755537 9.37537555366
4.30381590027 0.072158975833 -18.5280382212 5.31277462013
2.62585497653 0.0547190286476 -6.89810852984 0.394688623738
4.39159406316 0.0797876248301 -19.2924644807 5.72608822802
4.02894254463 0.03652982022 -16.2337124557 4.11794227719
5.0 -0.406131160327 -25.1649425194 9.16494251939
4.25550893795 0.0438769778397 -18.1112815101 5.08924575835
5.0 -2.33035754196 -30.4305662734 14.4305662734
4.9001082199 -0.0554446875719 -24.0141346801 8.41370180051
4.14305706946 0.0162108562308 -17.1651846727 4.59295639483
3.27070446599 0.0423445515617 -10.6993007649 1.61648290093
5.0 4.26773053577 -43.2135239259 27.2135239259
5.0 3.72482608276 -38.8743293468 22.8743293468
5.0 -4.19972974323 -42.6377299161 26.6377299161
5.0 -2.78301520221 -32.7451736158 16.7451736158
5.0 3.51056707988 -37.3240812224 21.3240812224
5.0 -1.34003865447 -26.7957035955 10.7957035955
5.0 4.70092113356 -47.0986595039 31.0986595039
5.0 -1.73222705413 -28.0006105671 12.0006105671
4.27250426013 -0.0103484478338 -18.2543997432 5.16438270267
5.0 -3.55662770303 -37.649600618 21.649600618
5.0 2.39693698878 -30.7453069282 14.7453069282
5.0 4.81287666126 -48.1637817565 32.1637817565
5.0 -4.7416002326 -47.4827727658 31.4827727658
4.60514432974 0.0438769778397 -21.2092794869 6.78870216798
5.0 4.63082691646 -46.4445579302 30.4445579302
5.0 2.69710913014 -32.2743976599 16.2743976599
3.20454637829 0.0423445515617 -10.2709105517 1.4527250385
3.25699373099 0.116494505478 -10.6215791335 1.59360420956
5.0 -0.703640217432 -25.4951095556 9.49510955559
5.0 3.56635498548 -37.7188878825 21.7188878825
5.0 3.98531264144 -40.88271685 24.88271685
5.0 3.84627952101 -39.7938661537 23.7938661537
4.99277580258 -0.14131802932 -24.9477810002 8.97667778993
4.19461937019 0.120377396487 -17.6093223784 4.83084489761
4.8005662387 -0.231290375201 -23.0989314498 7.89666649501
4.56384403657 -0.0648019827388 -20.8328716871 6.57749554081
3.36945057049 0.0074819137901 -11.353253126 1.87545084406
2.95926568614 0.131705648635 -8.77459977906 0.937537034491
2.17299914073 0.002334393259 -4.72193071499 0.0299341520841
4.99636112821 -0.141441998142 -24.9836303623 8.9981858495
4.86379976464 -0.319008287909 -23.7583144383 8.30311537972
5.0 4.86133510055 -48.6325789598 32.6325789598
4.73878488404 -0.156318479685 -22.4805176443 7.52537810815
2.5232470147 0.0400362901969 -6.36837840172 0.275390342924
3.04636559808 0.120919486408 -9.29496487936 1.10950248704
4.16940222204 0.335116987818 -17.4962182847 4.81860939652
2.84259806896 0.0261682269223 -8.08104855778 0.710656281923
4.89367708856 0.072462231753 -23.9533262221 8.3786178679
5.0 -4.12634180241 -42.0266966703 26.0266966703
4.71288595094 -0.263339410388 -22.2806416317 7.42909782788
3.54805329072 -0.17095080989 -12.6179063332 2.4256931703
4.57884196187 0.208916186778 -21.0094396849 6.69407183738
5.0 0.620138708781 -25.3845720181 9.38457201813
4.61679768145 0.177992814695 -21.3465022736 6.87931154775
2.9372691808 0.0721390486668 -8.63275428281 0.883677559616
5.0 -3.47688802262 -37.0887503219 21.0887503219
4.51821558766 -0.292159037343 -20.4996289996 6.42676664902
3.71573079628 -0.0882756952016 -13.8144479488 2.95152476367
5.0 4.10664576814 -41.864539465 25.864539465
5.0 -4.51247670996 -45.3624460579 29.3624460579
2.77731425604 0.206129395761 -7.75596380463 0.646706780447
5.0 1.23441117977 -26.5237709607 10.5237709607
5.0 1.07505420098 -26.155741535 10.155741535
5.0 1.72306969979 -27.9689691903 11.9689691903
5.0 0.578766032759 -25.3349701207 9.33497012068
4.74647868986 -0.265284647844 -22.5994358977 7.61352113823
4.33521613593 0.280768027656 -18.8729296306 5.53206508688
5.0 -2.58231971919 -31.6683751321 15.6683751321
3.50928726106 -0.182047757399 -12.3482384666 2.31108942236
5.0 2.49347891833 -31.2174371162 15.2174371162
5.0 0.918829451762 -25.8442475614 9.84424756143
5.0 -2.21112290565 -29.8890645039 13.8890645039
4.99636112821 -4.01196571742 -41.0594934413 25.0740489284
2.22083557565 0.0423445515617 -4.93390371513 0.0505614125207
2.85208936964 0.0227759114985 -8.13493251453 0.72657503599
3.53717133136 0.072462231753 -12.5168318024 2.36814647698
5.0 1.87556158911 -28.5177312746 12.5177312746
5.0 -4.83362114519 -48.3638933752 32.3638933752
5.0 3.32126159415 -36.0307785768 20.0307785768
4.7348195081 0.0795641879271 -22.4248462342 7.48556820186
5.0 -2.926566286 -33.5647902263 17.5647902263
2.97652674289 -0.122441466693 -8.87470336389 0.968596392341
4.00889620395 0.0227759114985 -16.0717675162 4.03618270038
5.0 -4.33956648441 -43.8318372726 27.8318372726
5.0 -1.28677852365 -26.6557989689 10.6557989689
5.0 3.18433301481 -35.1399767492 19.1399767492
3.50461794261 -0.0103484478338 -12.2824540141 2.26398224361
5.0 -3.61800156734 -38.0899353413 22.0899353413
5.0 -1.00847915653 -26.0170302092 10.0170302092
5.0 3.19124039453 -35.1840152557 19.1840152557
5.0 -3.31965675306 -36.0201209581 20.0201209581
5.0 1.1884728624 -26.4124677447 10.4124677447
5.0 2.69862781458 -32.2825920816 16.2825920816
5.0 0.976952192368 -25.9544355862 9.95443558617
3.18893227684 0.0797876248301 -10.1756551314 1.41992602399
5.0 -1.55126858888 -27.4064342348 11.4064342348
3.8023058299 0.0438769778397 -14.4594548133 3.25023149367
5.0 -2.71690243802 -32.3815588577 16.3815588577
3.54017486529 0.131705648635 -12.5501844547 2.38948499355
5.0 2.78734861822 -32.7693123195 16.7693123195
4.99726616994 3.83992394173 -39.7176850515 23.7286203717
5.0 -1.08471533192 -26.1766073513 10.1766073513
2.85968268473 0.0227759114985 -8.1783037995 0.739573060572
5.0 0.542751873271 -25.2945795959 9.29457959594
3.96392593136 0.0227759114985 -15.7132275315 3.85752380602
4.41665194682 -0.245589288649 -19.5671285181 5.90052073078
2.64296378187 0.0588126592258 -6.98871648116 0.416861353681
3.03437895561 -0.0672036933403 -9.21197198267 1.07445616022
3.92632807114 -0.1645486935 -15.4431283948 3.73781611021
5.0 1.04246910802 -26.0867418412 10.0867418412
5.0 -2.92438048141 -33.5520012001 17.5520012001
4.11817030558 -0.114432411307 -16.9724214425 4.49974022021
4.04942054785 0.0625290430764 -16.4017166546 4.20403446316
4.0700650356 0.233459212618 -16.6199325979 4.33967245556
4.55728156176 -0.0477498499837 -20.7710952814 6.5419690343
5.0 -2.98548110381 -33.9130974212 17.9130974212
4.9573454808 0.082171886806 -24.582026435 8.75264451177
4.96237225273 0.13285616365 -24.6427891349 8.79330012394
3.38905960446 -0.168095256888 -11.513981018 1.95774260013
3.43724679355 -0.163671347772 -11.8414538298 2.09246665564
3.42141066808 -0.150578030661 -11.7287247029 2.04308203064
5.0 -2.60800837308 -31.801707674 15.801707674
2.40624712978 -0.00377470237667 -5.79003949794 0.165050978831
3.97045272041 0.103249301301 -15.7751552232 3.89334434158
2.82209405827 -0.116343932535 -7.97775078435 0.689374551276
4.99869122189 4.12843221744 -42.0308665058 26.0361016182
4.99209840203 -3.911526466 -40.2210857497 24.2526921416
5.0 -4.35761829403 -43.9888371964 27.9888371964
3.34623912414 -0.0586196194716 -11.2007525357 1.81579603916
4.98481606377 -0.0562724692918 -24.8515577804 8.91229352536
3.31597262726 0.0613574424031 -10.9994392005 1.73554869145
3.15085900072 0.072462231753 -9.93316321748 1.32972721458
2.72601172096 0.0316869257498 -7.43214396405 0.528097080229
5.0 -2.37606691448 -30.6456939821 14.6456939821
3.27401129234 0.177192411348 -10.750547093 1.65450192364
5.0 -1.25672842802 -26.5793663418 10.5793663418
3.3813388169 -0.164472477245 -11.4605033905 1.93514812285
5.0 1.88043084156 -28.5360201499 12.5360201499
5.0 -4.2616918471 -43.1620173996 27.1620173996
2.43506788183 -0.131962849279 -5.9469697827 0.206698255389
4.63569019406 0.160822776513 -21.5154875407 6.9727267645
5.0 -2.37864454858 -30.6579498885 14.6579498885
4.62836258258 -0.108507396137 -21.4335140509 6.92006372055
4.74263021908 -0.183492159264 -22.5262107674 7.55568989111
5.0 1.13378286006 -26.2854635738 10.2854635738
3.09729446188 -0.108647137179 -9.60503718398 1.21585933648
5.0 -3.58775221358 -37.8719659461 21.8719659461
4.77307822887 -0.254887118937 -22.8472432223 7.75493030682
4.57004378083 -0.0671607042611 -20.8898107189 6.6096355956
4.99990061977 1.21659045326 -26.4790985385 10.4794960595
5.0 4.71533395633 -47.2343743197 31.2343743197
4.56806817914 -0.0210362825113 -20.8676894145 6.59541669791
4.99824260782 -2.59807384321 -31.7324168614 15.7394464301
5.0 -1.12301068554 -26.2611529998 10.2611529998
5.0 -1.99432928505 -28.9773492972 12.9773492972
4.28124677494 0.115063899713 -18.3423136489 5.21732654918
3.26772026295 -0.206946595607 -10.7208226103 1.64994155852
2.67789512905 -0.0460240254332 -7.17324053312 0.461660016911
4.17815058668 0.0599631850328 -17.4605379085 4.7479355618
5.0 -0.35351902604 -25.1249757018 9.12497570177
5.0 -3.06232459565 -34.3778319291 18.3778319291
2.77731425604 0.114419976043 -7.72656640775 0.617309383568
5.0 2.7813624958 -32.735977333 16.735977333
5.0 -4.21921149111 -42.8017456067 26.8017456067
5.0 3.91184834971 -40.3025575111 24.3025575111
5.0 -4.9199312669 -49.2057236711 33.2057236711
5.0 3.3705067072 -36.3603154633 20.3603154633
5.0 -1.60819016318 -27.5862756009 11.5862756009
2.80809317897 -0.108679089973 -7.89719844639 0.6648257305
4.59562715599 -0.128876083793 -21.1363980019 6.7538893779
5.0 -2.88522697237 -33.3245346821 17.3245346821
5.0 -1.49893037893 -27.2467922809 11.2467922809
4.47496522206 0.417077526314 -20.1992674016 6.29940651335
5.0 -1.27827110614 -26.6339770208 10.6339770208
5.0 4.65346252305 -46.6547134534 30.6547134534
3.45567824516 0.0074819137901 -11.9417681131 2.11905513246
5.0 2.56780444355 -31.5936196603 15.5936196603
5.0 4.65132050441 -46.6347824347 30.6347824347
5.0 -4.88931453319 -48.9053966044 32.9053966044
5.0 -1.98333356459 -28.9336120284 12.9336120284
2.43532481544 -0.0103484478338 -5.93091404705 0.189614785307
5.0 -2.54156878859 -31.4595719072 15.4595719072
5.0 3.39651081674 -36.5362857282 20.5362857282
5.0 4.16920847939 -42.3822993446 26.3822993446
5.0 4.8138503986 -48.1731556601 32.1731556601
3.45875311141 0.0423445515617 -11.9647661468 2.12975370111
5.0 -4.86238263777 -48.6427649161 32.6427649161
5.0 1.31698368031 -26.7344460142 10.7344460142
5.0 4.56886711055 -45.8745466738 29.8745466738
5.0 1.38198972595 -26.9098956026 10.9098956026
4.99990061977 1.00308768824 -26.0051911179 10.0055886388
5.0 0.432229383251 -25.1868222397 9.18682223975
4.46668375737 0.123796135914 -19.9665892716 6.09985424213
5.0 -4.26336251415 -43.1762599271 27.1762599271
5.0 -3.36971678733 -36.3549912268 20.3549912268
5.0 2.62525868314 -31.8919831534 15.8919831534
5.0 4.53170573561 -45.5363568741 29.5363568741
4.03535000957 -0.0103484478338 -16.2841567901 4.14275675185
5.0 4.67347962541 -46.8414118092 30.8414118092
5.0 2.65400035252 -32.0437178712 16.0437178712
5.0 1.60237132027 -27.567593848 11.567593848
5.0 2.90145418325 -33.4184363775 17.4184363775
5.0 3.99658567016 -40.9726970189 24.9726970189
3.29399608269 0.0588126592258 -10.8538691216 1.6778847909
4.91177543064 -0.122851448861 -24.1406303596 8.49352863699
5.0 4.79137592246 -47.9572832303 31.9572832303
5.0 2.18145766696 -29.7587575527 13.7587575527
5.0 3.0079878862 -34.0479911235 18.0479911235
5.0 -0.851326541941 -25.724756881 9.72475688101
5.0 4.85570265442 -48.5778482682 32.5778482682
5.0 0.785092314655 -25.6163699425 9.61636994253
4.03003476538 0.119385939352 -16.2554332126 4.13529415115
5.0 4.47313510102 -45.008937632 29.008937632
5.0 3.46339121425 -36.995078703 20.995078703
5.0 -1.86989584166 -28.4965104587 12.4965104587
3.15301735377 -0.156318479685 -9.96595390025 1.35388448518
5.0 -3.09397748627 -34.5726966856 18.5726966856
3.85516683079 0.0675075772215 -14.8668685662 3.44620124304
5.0 2.99197816942 -33.9519333663 17.9519333663
4.94605500483 -0.17095080989 -24.4926842902 8.70846427086
5.0 -3.56815885021 -37.7317575803 21.7317575803
5.0 -3.65587651931 -38.3654331245 22.3654331245
4.39825523165 -0.0689483632028 -19.3494029595 5.75638203293
5.0 -4.50092837669 -45.258356252 29.258356252
5.0 -2.71044485916 -32.3465113346 16.3465113346
5.0 4.59620416621 -46.1250927375 30.1250927375
5.0 1.98852048884 -28.9542137345 12.9542137345
4.67845629893 -0.00377470237667 -21.8879675894 7.17414239367
3.96513576828 0.0438769778397 -15.7242268501 3.86368377696
5.0 -2.39058022327 -30.7148738039 14.7148738039
4.56806817914 0.208954255844 -20.9109087703 6.63863605377
5.0 0.294293755501 -25.0866088145 9.08660881453
5.0 -4.30338347314 -43.5191093169 27.5191093169
5.0 -3.14021461134 -34.8609478053 18.8609478053
5.0 4.77737744334 -47.8233352361 31.8233352361
5.0 4.91836396277 -49.1903040703 33.1903040703
5.0 -4.49675403524 -45.2207968534 29.2207968534
5.0 -1.01864972758 -26.0376472675 10.0376472675
2.59138557771 -0.17095080989 -6.74450339177 0.378961080926
5.0 -4.13320888512 -42.083415688 26.083415688
5.0 3.04235061585 -34.2558972698 18.2558972698
5.0 1.89075190967 -28.5749427839 12.5749427839
2.57054597548 0.0227759114985 -6.60822535422 0.326041452286
5.0 -4.46101705531 -44.9006731678 28.9006731678
5.0 1.42329750034 -27.0257757745 11.0257757745
5.0 -2.45009053905 -31.0029436495 15.0029436495
4.78924111074 0.192420758585 -22.9738561652 7.8168917222
5.0 -3.279565882 -35.7555523744 19.7555523744
5.0 -3.88393625824 -40.0849608581 24.0849608581
5.0 2.4027242389 -30.7730837682 14.7730837682
5.0 -4.65822302496 -46.6990417502 30.6990417502
3.34239743611 -0.0648019827388 -11.1758199179 1.80623017345
5.0 -3.06577271504 -34.3989623403 18.3989623403
5.0 4.01650223392 -41.1322901951 25.1322901951
5.0 3.08787905334 -34.534997048 18.534997048
5.0 -0.156113129378 -25.0243713092 9.02437130916
4.73878488404 0.190779356098 -22.4924789399 7.53733940377
3.65949727331 0.0588126592258 -13.3953792222 2.757390129
5.0 2.28334124602 -30.2136472458 14.2136472458
5.0 0.587390602005 -25.3450277193 9.34502771932
4.59230729927 -0.0715215913601 -21.0944016689 6.72517247187
4.61435319632 -0.111854120842 -21.3047667648 6.84735397947
4.13495144802 -0.0472215915517 -17.1000533562 4.56024756413
4.34949729909 0.210509854442 -18.9624411536 5.56445195726
5.0 -0.717641534944 -25.5150093727 9.51500937268
3.37707357258 -0.0712809225971 -11.4097068846 1.90141259423
4.30533501239 0.352288664961 -18.6600168723 5.43867682279
5.0 1.22307020504 -26.4959007265 10.4959007265
5.0 1.38566541263 -26.9200686357 10.9200686357
3.78419967139 0.00381198031035 -14.3201816842 3.18338299859
4.65708064784 -0.310474289586 -21.784794445 7.15647185363
5.0 -3.37976903278 -36.422838715 20.422838715
5.0 -4.23503608368 -42.93553063 26.93553063
5.0 1.51784307537 -27.3038476014 11.3038476014
5.0 -3.39221428736 -36.5071177714 20.5071177714
5.0 4.57304803792 -45.9127683571 29.9127683571
5.0 -2.84399671111 -33.0883172928 17.0883172928
5.0 -2.38595032966 -30.6927589756 14.6927589756
5.0 2.30916843442 -30.3322588585 14.3322588585
5.0 -1.76455716971 -28.1136620052 12.1136620052
5.0 -0.45318365889 -25.2053754287 9.20537542869
4.15074985992 0.313445513564 -17.3269724896 4.72397304992
4.43465385313 -0.233122695491 -19.7205009882 5.98188557571
3.10086207572 -0.130322036662 -9.63232944589 1.228881143
5.0 1.05576404314 -26.1146377148 10.1146377148
5.0 0.99414685598 -25.9883279713 9.98832797126
4.37995033465 0.0227759114985 -19.1844836761 5.66468233754
5.0 3.1888219261 -35.1685852764 19.1685852764
4.76702131263 0.0620287014803 -22.7283397549 7.66025450437
5.0 -1.82677407788 -28.3371035316 12.3371035316
4.98765822616 -0.00868940854142 -24.8768100868 8.92617718213
4.99980910599 -3.58004180977 -37.814790456 21.8155540321
2.66824082366 -0.0348767838116 -7.1207254831 0.447762188457
5.0 -3.5774582419 -37.7982074725 21.7982074725
4.98556168107 4.43805467107 -44.5521545392 28.6099078149
4.99726616994 -2.73417722529 -32.4483942725 16.4593295928
5.0 0.533312833804 -25.2844225787 9.2844225787
4.48685173259 0.175423349243 -20.1626118217 6.21520489137
5.0 -2.01477477201 -29.0593173819 13.0593173819
5.0 2.51246197913 -31.3124651966 15.3124651966
5.0 -0.680616353926 -25.4632386212 9.46323862123
5.0 -4.29304051222 -43.4301968396 27.4301968396
2.90765858563 0.0797876248301 -8.46084451568 0.830210173149
4.47199297005 0.305420441965 -20.0920027706 6.20403089035
5.0 2.11741261806 -29.4834361951 13.4834361951
5.0 0.417816959187 -25.1745710114 9.17457101138
5.0 4.86006578739 -48.6202394577 32.6202394577
4.99764401176 -4.02317440581 -41.1623779679 25.1718019208
3.2263056848 -0.101228382878 -10.4192955573 1.51407281807
5.0 -2.51448294236 -31.3226244674 15.3226244674
5.0 -0.771061974972 -25.5945365692 9.59453656925
5.0 -1.29981617565 -26.6895220905 10.6895220905
4.54889941016 0.0687845284949 -20.6972171551 6.50161951446
4.96129902379 0.0423445515617 -24.6162810645 8.77108496932
4.99980910599 3.29639051953 -35.8642815536 19.8650451297
5.0 4.28657101683 -43.3746910824 27.3746910824
3.73948812921 -0.0103484478338 -13.9838785589 3.02592604204
5.0 -3.85887447951 -39.8909122486 23.8909122486
4.99726616994 3.8435160529 -39.7452848221 23.7562201424
5.0 -1.35085695804 -26.8248145211 10.8248145211
5.0 -4.43601886962 -44.6782634116 28.6782634116
5.0 1.90885926292 -28.6437436856 12.6437436856
5.0 1.44935614812 -27.1006332441 11.1006332441
4.99990061977 2.66712288318 -32.1125506816 16.1129482025
5.0 -2.09689943052 -29.3969872217 13.3969872217
4.92911111562 0.0797876248301 -24.3025024552 8.58605799271
5.0 2.44344619975 -30.9704293311 14.9704293311
5.0 4.08625344026 -41.697467178 25.697467178
5.0 4.51737368002 -45.406664965 29.406664965
5.0 -3.98294259305 -40.8638316995 24.8638316995
5.0 -1.52704127052 -27.3318550419 11.3318550419
5.0 4.30411753694 -43.5254277718 27.5254277718
4.03535000957 -0.228669258121 -16.3363393294 4.19493929108
5.0 1.76872226334 -28.1283784448 12.1283784448
5.0 3.50664884516 -37.2965861232 21.2965861232
4.99990061977 -3.52994561627 -37.4595222614 21.4599197823
5.0 -1.92568138403 -28.7082487928 12.7082487928
4.99990061977 1.89389532127 -28.5858456955 12.5862432164
5.0 -1.55703511475 -27.4243583486 11.4243583486
3.15432999939 0.0797876248301 -9.9561638101 1.33884381256
2.8048988706 0.0797876248301 -7.87382373936 0.654228256966
5.0 -3.96295506716 -40.7050128643 24.7050128643
5.0 -3.71695409033 -38.8157477096 22.8157477096
5.0 -3.19028849671 -35.1779406923 19.1779406923
5.0 2.08958150518 -29.3663508668 13.3663508668
2.44866358755 -0.108647137179 -6.00775756543 0.213103215214
5.0 -1.05111744163 -26.1048478761 10.1048478761
5.0 3.17362497052 -35.0718954535 19.0718954535
5.0 3.05589136855 -34.3384720564 18.3384720564
5.0 2.53229277617 -31.4125067042 15.4125067042
5.0 1.68518339672 -27.8398430806 11.8398430806
4.19934743997 0.119385939352 -17.6487719241 4.8513821642
5.0 2.33776829842 -30.4651606171 14.4651606171
5.0 2.2137788211 -29.9008166688 13.9008166688
4.36815601992 0.131705648635 -19.0981333922 5.62550931255
5.0 3.0595780532 -34.3610178636 18.3610178636
5.0 -0.723194173938 -25.5230098132 9.52300981322
5.0 1.11218720118 -26.2369603705 10.2369603705
5.0 -3.37418510774 -36.3851251413 20.3851251413
5.0 -4.58583384975 -46.0298720976 30.0298720976
5.0 -3.69647092156 -38.6638972739 22.6638972739
5.0 3.56401804336 -37.7022246134 21.7022246134
4.99980910599 -3.81498312317 -39.5521873264 23.5529509025
5.0 3.48183115676 -37.1231482042 21.1231482042
5.0 1.24381774251 -26.5470825766 10.5470825766
5.0 3.23371159337 -35.4568906691 19.4568906691
4.99990061977 -2.01844509389 -29.0731268046 13.0735243255
5.0 -4.40118100247 -44.3703942165 28.3703942165
3.56019468013 -0.245589288649 -12.7353002591 2.49452153861
5.0 1.62026547748 -27.6252602175 11.6252602175
5.0 -1.30200571993 -26.6952188947 10.6952188947
5.0 -0.795428479508 -25.632706466 9.63270646601
3.24252448935 0.0797876248301 -10.5203311291 1.55023317171
5.0 3.95224150246 -40.6202128938 24.6202128938
5.0 4.41619700739 -44.502796008 28.502796008
5.0 4.05762008602 -41.4642807625 25.4642807625
5.0 2.06225024002 -29.2528760525 13.2528760525
4.99764401176 2.4162451265 -30.8146861796 14.8241101326
2.77553538042 0.0316869257498 -7.7046007092 0.60245918754
4.10243418512 -0.0586196194716 -16.8334025031 4.42366576257
5.0 -2.94731526355 -33.6866672628 17.6866672628
4.91663452469 0.0797876248301 -24.1796611144 8.51312301567
5.0 -4.00381490099 -41.0305337614 25.0305337614
5.0 4.20376734091 -42.6716598565 26.6716598565
5.0 -0.711758461714 -25.5066001078 9.50660010782
5.0 -1.18415488074 -26.4022227816 10.4022227816
2.86318820619 -0.182047757399 -8.23098809002 0.778235265273
3.03224158195 0.17291011204 -9.22438691813 1.09542059035
5.0 -3.54100979831 -37.5387503917 21.5387503917
5.0 3.07480385948 -34.4544187743 18.4544187743
5.0 -3.5255027978 -37.4291699773 21.4291699773
5.0 2.87952176479 -33.2916455939 17.2916455939
5.0 -4.89315218755 -48.9429383306 32.9429383306
5.0 3.25912593358 -35.6219018509 19.6219018509
5.0 -4.13915691412 -42.1326199597 26.1326199597
5.0 3.91854184655 -40.3549702031 24.3549702031
5.0 4.30641221099 -43.545186131 27.545186131
5.0 2.78846831708 -32.7755555554 16.7755555554
5.0 4.94852797826 -49.4879291516 33.4879291516
2.56289906976 -0.0554446875719 -6.57152575515 0.319929476115
5.0 2.31440246974 -30.3564587919 14.3564587919
5.0 -3.57509533143 -37.7813066288 21.7813066288
3.31474360971 0.160481654271 -11.0132795594 1.75430512062
5.0 -1.87786583716 -28.5263801024 12.5263801024
5.0 -3.03807033879 -34.2298713834 18.2298713834
4.41665194682 -0.216836376399 -19.5538324335 5.88722464621
4.99726616994 4.3921698675 -44.2638253183 28.2747606385
5.0 -3.05114350003 -34.3094766578 18.3094766578
5.0 -3.8335944011 -39.6964460321 23.6964460321
5.0 -0.657891546296 -25.4328212867 9.43282128669
5.0 2.08656151246 -29.3537389453 13.3537389453
5.0 3.65509543071 -38.3597226076 22.3597226076
2.61177214273 0.0797876248301 -6.8277197906 0.380631219692
5.0 4.98493840452 -49.8496108969 33.8496108969
5.0 3.53818541824 -37.5187560539 21.5187560539
5.0 4.27796960559 -43.3010239463 27.3010239463
4.99824260782 -3.86353978395 -39.9093688288 23.9163983975
5.0 4.29558259884 -43.4520298635 27.4520298635
5.0 -3.39855184276 -36.5501546279 20.5501546279
5.0 -1.5950417045 -27.5441580391 11.5441580391
5.0 -2.43673715215 -30.9376879487 14.9376879487
5.0 -1.2188813943 -26.4856718534 10.4856718534
5.0 -3.89809167453 -40.195118703 24.195118703
5.0 4.5390943623 -45.6033776299 29.6033776299
5.0 -4.34470671447 -43.8764764347 27.8764764347
5.0 3.98780699563 -40.9026046344 24.9026046344
5.0 -3.84292662815 -39.7680850694 23.7680850694
4.39552510609 -0.0648019827388 -19.3248402552 5.74273983087
5.0 1.6987673139 -27.8858103868 11.8858103868
5.0 -3.94724334798 -40.5807300482 24.5807300482
5.0 4.21293850504 -42.7488508473 26.7488508473
5.0 -3.99417818035 -40.9534593364 24.9534593364
4.68919209896 -0.263339410388 -22.057870186 7.30110179017
4.99990061977 -2.35678179594 -30.5534266413 14.5538241622
5.0 2.14672871799 -29.6084441886 13.6084441886
5.0 -0.515370156037 -25.2656063977 9.26560639773
4.96979095274 -0.0797067990246 -24.7051752877 8.82601147678
5.0 -3.260912492 -35.6335502805 19.6335502805
5.0 -4.88136971599 -48.8277703042 32.8277703042
5.0 -3.74003642442 -38.987872456 22.987872456
5.0 -2.30181503047 -30.2983524345 14.2983524345
5.0 -3.15614179898 -34.9612310553 18.9612310553
5.0 3.45573990104 -36.9421382637 20.9421382637
5.0 2.30631040114 -30.3190676664 14.3190676664
4.31452691539 -0.0103484478338 -18.615249594 5.35714193244
5.0 1.10109745201 -26.2124155988 10.2124155988
5.0 4.05160701812 -41.4155194292 25.4155194292
4.99824260782 -4.53109579848 -45.5132583017 29.5202878704
5.0 1.11725056454 -26.248248824 10.248248824
5.0 -4.90283985853 -49.0378386784 33.0378386784
4.99990061977 4.01355946414 -41.1076657797 25.1080633007
5.0 -1.26059865725 -26.5891089747 10.5891089747
5.0 0.988580001515 -25.9772904194 9.9772904194
5.0 -1.26640473406 -26.6037809504 10.6037809504
5.0 -3.18236554698 -35.1274504746 19.1274504746
5.0 2.65059312518 -32.0256439153 16.0256439153
5.0 -2.65199742225 -32.0330903276 16.0330903276
5.0 -3.58506154469 -37.8526662792 21.8526662792
5.0 3.70094659941 -38.6970057317 22.6970057317
5.0 -1.69178734689 -27.8621444271 11.8621444271
5.0 0.0712916453069 -25.0050824987 9.00508249869
5.0 -3.49360676214 -37.2052882085 21.2052882085
5.0 -0.965347691897 -25.9318961663 9.93189616625
4.77127184388 -0.0103484478338 -22.7651420985 7.68005472303
5.0 1.15132438162 -26.3255478317 10.3255478317
3.60007901178 0.0712916453069 -12.9656513897 2.56533534262
5.0 4.10277774537 -41.8327852279 25.8327852279
4.28691937339 0.0588126592258 -18.3811366428 5.23345914926
2.49545325234 0.0797876248301 -6.23365299969 0.25183999033
5.0 -3.44477502826 -36.8664749953 20.8664749953
5.0 4.57005729889 -45.8854237151 29.8854237151
5.0 3.69486724695 -38.6520439726 22.6520439726
5.0 -2.37024608705 -30.6180665132 14.6180665132
5.0 -2.87603385464 -33.271570733 17.271570733
4.99980910599 -4.27983039042 -43.3150392671 27.3158028432
5.0 1.89952678673 -28.6082020135 12.6082020135
5.0 -1.72357593354 -27.9707139987 11.9707139987
4.99990061977 -2.84989376037 -33.120900653 17.1212981739
5.0 -4.99516985146 -49.951721845 33.951721845
5.0 -4.50628668524 -45.3066196896 29.3066196896
4.30880650862 0.0687845284949 -18.5705448401 5.3353188056
5.0 2.29123341089 -30.2497505432 14.2497505432
5.0 2.15291292806 -29.6350340758 13.6350340758
4.93990685091 0.160822776513 -24.4285436611 8.66891625747
5.0 4.34085611471 -43.8430318087 27.8430318087
5.0 1.54470884626 -27.3861254197 11.3861254197
5.0 -3.32541399364 -36.0583782291 20.0583782291
4.60384931639 0.131705648635 -21.2127749059 6.79737764034
5.0 -3.3430479952 -36.1759698982 20.1759698982
3.635775556 0.118067368194 -13.2328037971 2.68970157305
5.0 -1.52137967437 -27.3145961136 11.3145961136
5.0 2.73430678597 -32.4764335998 16.4764335998
3.5821111885 -0.180434195161 -12.8640770655 2.53563231155
5.0 4.1779752755 -42.4554774027 26.4554774027
5.0 4.75303923984 -47.5913820155 31.5913820155
4.68321131581 0.00867510165936 -21.932543486 7.1996982227
4.93080379893 -0.101348355567 -24.3230975927 8.59988239701
5.0 1.0103763881 -26.0208604456 10.0208604456
4.9995554288 -2.85661337076 -33.1557944356 17.1575727204
4.18128476604 -0.0103972914682 -17.4832503984 4.75811133422
4.99998503638 -4.56368804201 -45.8270989088 29.8271587633
5.0 2.57577447337 -31.6346141377 15.6346141377
5.0 4.67077602165 -46.8161486444 30.8161486444
5.0 -3.21970024403 -35.3664696614 19.3664696614
5.0 -2.36813002715 -30.6080398255 14.6080398255
4.99990061977 2.32646038111 -30.4114241125 14.4118216334
4.25628832012 0.067940076781 -18.120606118 5.09545283756
5.0 3.90082889028 -40.2164660313 24.2164660313
4.57842972996 -0.0715215913601 -20.9671341302 6.65341521037
4.99467605989 3.25328455049 -35.5306493097 19.5519450702
5.0 -0.86023904725 -25.7400112184 9.74001121841
2.23939101693 0.0887628204775 -5.02275096499 0.0651868972845
5.0 -4.97601155218 -49.7606909674 33.7606909674
5.0 -3.6645693978 -38.4290688713 22.4290688713
5.0 3.60259004496 -37.978655032 21.978655032
5.0 -3.67314009529 -38.4919581596 22.4919581596
5.0 2.93006190092 -33.5852627432 17.5852627432
4.99666799189 3.73748070991 -38.9354530782 22.9487811106
5.0 -0.936138353441 -25.8763550168 9.87635501678
5.0 2.23576624439 -29.9986506996 13.9986506996
3.13310980185 0.109267149494 -9.82831634038 1.295877133
3.75661387146 -0.124564294759 -14.1276640428 3.10120855693
5.0 -0.923502449964 -25.8528567751 9.85285677509
4.41490191817 -0.0437804448545 -19.4932756745 5.83366800176
4.41014802194 -0.396960621749 -19.6069833106 5.96639122286
3.00095578898 -0.0520100189273 -9.00844068948 1.00461753356
4.33024730065 0.181791479505 -18.7840898268 5.4631006242
5.0 -1.46601749269 -27.1492072889 11.1492072889
4.30553139347 -0.113302843743 -18.5504381145 5.32831254066
4.39817511266 -0.210079494712 -19.3880777157 5.79537726508
4.54554077963 0.197649756764 -20.7010064057 6.51884328713
4.94482189209 0.113568984229 -24.4641614587 8.68487389032
5.0 -3.84460497869 -39.7809874422 23.7809874422
5.0 3.09047306801 -34.5510237841 18.5510237841
4.2478107853 0.123796135914 -18.059221951 5.06797880978
4.28881310506 0.148027453249 -18.415829977 5.26057755679
3.61891872218 -0.17095080989 -13.1257968972 2.65012200844
4.90885918839 -0.156113129378 -24.1212698406 8.48583308705
4.99960007077 2.34939788357 -30.515671283 14.5172709999
5.0 -2.76677541136 -32.6550461769 16.6550461769
3.7951200485 0.343024766321 -14.5206021728 3.34012197884
5.0 -4.76079016658 -47.6651230102 31.6651230102
4.99223401614 3.35869882436 -36.2032582647 20.2343222001
5.0 -0.603722329831 -25.3644806515 9.36448065154
4.21477014973 -0.10099100773 -17.7744865987 4.91540599977
5.0 1.95706890683 -28.8301187061 12.8301187061
4.09170575508 0.0140584272983 -16.7422536255 4.3754306052
5.0 -4.2342509495 -42.9288811033 26.9288811033
5.0 -1.06134368557 -26.1264504189 10.1264504189
5.0 -4.19469079633 -42.5954308768 26.5954308768
4.17468178997 -0.10099100773 -17.4381672311 4.73944007125
4.38920515101 -0.0186115180306 -19.2654682462 5.7086476422
4.99990451295 -1.18096930927 -26.3937336481 10.3941155963
5.0 1.32416973272 -26.7534254811 10.7534254811
5.0 -0.476918027653 -25.2274508051 9.2274508051
5.0 -0.903865281801 -25.8169724476 9.81697244764
5.0 -3.51523817715 -37.3568994421 21.3568994421
5.0 3.52281643742 -37.4102356517 21.4102356517
5.0 4.08824619583 -41.7137569577 25.7137569577
5.0 2.38521109973 -30.6892319903 14.6892319903
5.0 -1.83868594627 -28.380766009 12.380766009
5.0 4.04428641988 -41.356252646 25.356252646
4.99990061977 -4.98817365849 -49.8808826549 33.8812801758
5.0 -1.90496331707 -28.6288852394 12.6288852394
3.05672067638 -0.0103484478338 -9.34364838378 1.11676567826
4.99998503638 -2.90662825059 -33.4483381512 17.4483980057
5.0 -3.94389477767 -40.5543060173 24.5543060173
5.0 1.63324179282 -27.6674787538 11.6674787538
3.32595620964 0.0797876248301 -11.0683507735 1.76452593496
5.0 2.34979942845 -30.5215573539 14.5215573539
5.0 4.25492363499 -43.1043751396 27.1043751396
5.0 3.28981016024 -35.8228508904 19.8228508904
5.0 -3.20649367017 -35.2816016568 19.2816016568
4.99764401176 2.82172956686 -32.9386034168 16.9480273698
5.0 -1.1591725415 -26.343680981 10.343680981
5.0 3.90825798244 -40.2744804573 24.2744804573
3.46169395569 0.0423445515617 -11.9851181039 2.13834228116
3.92813649935 -0.0586196194716 -15.4336926173 3.72114661991
4.28881310506 0.187881913778 -18.4292174636 5.2739650434
5.0 4.01068202197 -41.0855702813 25.0855702813
5.0 -2.89765365838 -33.396396724 17.396396724
5.0 -4.78333683679 -47.8803112942 31.8803112942
3.30957154238 0.00381198031035 -10.9532783253 1.71499215581
4.82725632839 0.082171886806 -23.3091558789 8.00013056538
5.0 2.63035202111 -31.918751755 15.918751755
4.62691288898 0.0438769778397 -21.4102480714 6.90259651549
2.68804290278 -0.0567984042501 -7.22880070592 0.476629094792
4.82530403645 -0.0554446875719 -23.2866331576 7.98541701178
5.0 2.93714271345 -33.6268073192 17.6268073192
5.0 3.64975726666 -38.3207281055 22.3207281055
4.99209840203 -0.0508770614515 -24.9236349309 8.95524132279
5.0 1.57812932427 -27.4904921641 11.4904921641
5.0 4.07615543554 -41.6150431347 25.6150431347
5.0 3.41443280885 -36.6583514062 20.6583514062
5.0 -3.45507328363 -36.9375313952 20.9375313952
5.0 -4.27249590616 -43.2542212682 27.2542212682
5.0 -1.57549397009 -27.4821812498 11.4821812498
5.0 1.91261241839 -28.658086263 12.658086263
5.0 4.15580539013 -42.2707184406 26.2707184406
5.0 -3.96380515047 -40.7117512709 24.7117512709
5.0 -2.43924118053 -30.9498975368 14.9498975368
5.0 -1.3289136594 -26.7660115141 10.7660115141
5.0 2.03488789895 -29.1407687613 13.1407687613
3.09071582232 -0.0554446875719 -9.55559840771 1.19273511844
2.32750306542 -0.0712809225971 -5.42235148948 0.112339227787
5.0 4.77531548817 -47.8036380116 31.8036380116
5.0 -2.95488594052 -33.7313509215 17.7313509215
5.0 3.15514849689 -34.9549620374 18.9549620374
3.0118437317 -0.107849322983 -9.08283414065 1.03545921385
5.0 -3.79397302372 -39.3942313047 23.3942313047
2.10684551092 0.0675075772215 -4.44335527985 0.0159732361851
5.0 0.551936425164 -25.3046338174 9.30463381742
5.0 4.67456199454 -46.8515298408 30.8515298408
5.0 3.27141454403 -35.7021531189 19.7021531189
5.0 4.06870791201 -41.5543840733 25.5543840733
5.0 -2.84024016649 -33.0669642033 17.0669642033
5.0 4.01151270815 -41.0922342077 25.0922342077
5.0 -1.84538876564 -28.4054596964 12.4054596964
5.0 1.97929460252 -28.9176071236 12.9176071236
5.0 -3.83410966462 -39.7003969204 23.7003969204
3.2542412398 -0.0797067990246 -10.5964392207 1.57947426144
5.0 -4.9788736389 -49.7891827121 33.7891827121
5.0 2.73221573274 -32.4650028102 16.4650028102
5.0 -0.441133369562 -25.1945986497 9.19459864974
3.48949174362 0.0456308096288 -12.1786347995 2.22066782509
5.0 -3.75983982085 -39.1363954785 23.1363954785
3.40542732701 0.0227759114985 -11.5974540217 1.97574471365
5.0 -1.83377040011 -28.3627138803 12.3627138803
5.0 -1.63571012594 -27.6755476161 11.6755476161
5.0 -3.94034703936 -40.5263347906 24.5263347906
3.93766723548 0.0797876248301 -15.5115893225 3.76092038055
5.0 4.84434663314 -48.4676943021 32.4676943021
5.0 -4.37908388427 -44.1763756655 28.1763756655
5.0 0.380942224381 -25.1451169783 9.14511697832
5.0 -1.47928860189 -27.1882947677 11.1882947677
4.81644604816 0.0464953167938 -23.2003143494 7.93453015671
5.0 1.0787051418 -26.163604783 10.163604783
5.0 -1.16239861263 -26.3511705346 10.3511705346
4.13997803329 0.0797876248301 -17.1457841812 4.58587204804
5.0 3.82330581053 -39.6176673208 23.6176673208
5.0 4.79047947558 -47.948693606 31.948693606
5.0 -4.67256670577 -46.8328796199 30.8328796199
5.0 3.44164184724 -36.8448986047 20.8448986047
5.0 0.187968501166 -25.0353321574 9.03533215743
5.0 -3.10328850478 -34.6303995439 18.6303995439
4.4129656021 -0.0586196194716 -19.4777016651 5.82583925673
5.0 -1.80484293886 -28.2574580339 12.2574580339
3.47999956889 -0.0103484478338 -12.1105040899 2.19050581429
5.0 -1.54110141251 -27.3749935636 11.3749935636
5.0 4.75809225341 -47.639441892 31.639441892
5.0 -2.68056323465 -32.185419255 16.185419255
5.0 -3.38197543481 -36.4377578417 20.4377578417
5.0 -2.15429882918 -29.6410034454 13.6410034454
5.0 2.62415235108 -31.8861755617 15.8861755617
5.0 4.95430964044 -49.5451840134 33.5451840134
4.9880016013 4.43104392836 -44.5143102696 28.5623038644
5.0 -1.65284404686 -27.7318934432 11.7318934432
5.0 -0.826485482004 -25.683078252 9.68307825196
5.0 -4.37302733291 -44.1233680544 28.1233680544
5.0 2.03824690008 -29.1544504257 13.1544504257
4.99726616994 2.53254895274 -31.3864733713 15.3974086915
5.0 -4.55094205904 -45.7110736247 29.7110736247
5.0 -3.47251786116 -37.0583802961 21.0583802961
5.0 -4.80398533163 -48.0782750665 32.0782750665
5.0 -2.36532259438 -30.5947509755 14.5947509755
3.33625219724 0.118067368194 -11.144518627 1.79950983805
5.0 1.43754903843 -27.0665472379 11.0665472379
4.51058487629 0.111291519159 -20.3577617285 6.31542222331
3.90083526236 0.0438769778397 -15.2184409332 3.6150998838
5.0 4.7055397345 -47.142104193 31.142104193
5.0 -3.25614685618 -35.602492349 19.602492349
5.0 -4.92421130881 -49.2478570138 33.2478570138
5.0 -3.50910444476 -37.3138140043 21.3138140043
5.0 2.10254530588 -29.4206967633 13.4206967633
5.0 3.33857873649 -36.1461079797 20.1461079797
5.0 2.62859788901 -31.9095268621 15.9095268621
5.0 -2.96910908026 -33.8156087305 17.8156087305
5.0 2.29531556771 -30.2684735554 14.2684735554
5.0 -4.25133164955 -43.0738207944 27.0738207944
5.0 -0.368099709826 -25.1354973964 9.13549739637
5.0 -2.63730589711 -31.9553823949 15.9553823949
3.47814752452 -0.180434195161 -12.1300667011 2.21747660303
5.0 4.52042862762 -45.4342749774 29.4342749774
5.0 -3.31048905577 -35.9593377884 19.9593377884
5.0 -4.80203195703 -48.0595109164 32.0595109164
3.5761168037 0.206129395761 -12.8311007215 2.52663350671
5.0 -1.02959990409 -26.0600759625 10.0600759625
5.0 2.22060780675 -29.9310990314 13.9310990314
5.0 -1.44427607917 -27.0859333929 11.0859333929
5.0 -1.09069929833 -26.1896249594 10.1896249594
2.21364608901 -0.0437804448545 -4.90214573474 0.0475613787007
5.0 -4.82326714551 -48.2639059569 32.2639059569
5.0 3.37830908559 -36.4129722778 20.4129722778
5.0 -2.47637142601 -31.1324154396 15.1324154396
5.0 -2.44695854779 -30.9876061346 14.9876061346
5.0 -2.5490025821 -31.4974141636 15.4974141636
5.0 -4.83045639233 -48.3333089582 32.3333089582
5.0 0.884141373887 -25.781705969 9.78170596902
5.0 -2.19131155573 -29.8018463343 13.8018463343
2.82159720497 -0.0437804448545 -7.96332751443 0.676938694563
5.0 4.78597902688 -47.9055952457 31.9055952457
5.0 1.45646231399 -27.1212824721 11.1212824721
3.7909881535 -0.35351902604 -14.4965668817 3.33261426774
5.0 2.05547347363 -29.2249712008 13.2249712008
5.0 -4.74592789536 -47.523831588 31.523831588
5.0 2.99964686809 -33.9978813332 17.9978813332
5.0 -1.57394731803 -27.4773101599 11.4773101599
5.0 4.36758269541 -44.0757786013 28.0757786013
5.0 -3.07111468354 -34.4317453995 18.4317453995
3.07725135192 -0.0562724692918 -9.47264247371 1.16363706602
5.0 2.79276960478 -32.7995620654 16.7995620654
4.13903990508 -0.252478203097 -17.1953965788 4.63923695855
4.99998503638 1.65136642676 -27.7268614395 11.726921294
5.0 4.02438153024 -41.195646701 25.195646701
5.0 4.93325054877 -49.3369609769 33.3369609769
5.0 -1.15720767206 -26.3391295963 10.3391295963
5.0 -3.48362545448 -37.1356463071 21.1356463071
5.0 2.3739106202 -30.6354516327 14.6354516327
5.0 -3.77294536884 -39.2351167563 23.2351167563
5.0 3.4228770664 -36.7160874117 20.7160874117
5.0 -3.11910789649 -34.7288340699 18.7288340699
5.0 -3.36723930397 -36.3383005302 20.3383005302
5.0 2.00150945154 -29.0060400846 13.0060400846
5.0 -0.342141304943 -25.1170606725 9.11706067255
5.0 1.63924435075 -27.6871220415 11.6871220415
5.0 -2.91173623826 -33.4782079212 17.4782079212
5.0 -0.5244964863 -25.2750965641 9.27509656414
3.7945131815 0.0613574424031 -14.4020950203 3.22404229432
5.0 2.87794396465 -33.2825614636 17.2825614636
5.0 2.6594166685 -32.0724970167 16.0724970167
5.0 3.36554837608 -36.3269158717 20.3269158717
5.0 -1.43214624292 -27.0510428611 11.0510428611
5.0 1.67181023319 -27.7949494558 11.7949494558
5.0 -4.25589811272 -43.1126687459 27.1126687459
5.0 -1.85892196998 -28.4555908905 12.4555908905
5.0 1.80062855752 -28.2422632022 12.2422632022
5.0 -4.64189692392 -46.5472070523 30.5472070523
5.0 4.93737808893 -49.377702393 33.377702393
5.0 -4.47468237241 -45.0227823339 29.0227823339
3.8435210215 0.0162108562308 -14.7729166346 3.39883254858
3.02607220086 0.0797876248301 -9.16347902989 1.05919022645
5.0 -3.24127617717 -35.5058712567 19.5058712567
5.0 1.91547763695 -28.6690545777 12.6690545777
2.49721705855 0.120377396487 -6.25058375511 0.261715520901
5.0 -4.40947922631 -44.4435070473 28.4435070473
4.99764401176 4.74117766361 -47.4552113063 31.4646352592
5.0 4.83946566932 -48.4204279645 32.4204279645
5.0 -0.839257402308 -25.7043529873 9.70435298733
5.0 0.803068197752 -25.6449185302 9.64491853024
5.0 2.56212887297 -31.5645043617 15.5645043617
4.09638710066 0.0712916453069 -16.7854697772 4.39992137451
5.0 4.87807554888 -48.7956210606 32.7956210606
5.0 4.77090427647 -47.7615276152 31.7615276152
3.50496445515 0.280768027656 -12.3636065172 2.34374869661
5.0 -2.83277490824 -33.0246136808 17.0246136808
5.0 -4.62430980281 -46.3842411523 30.3842411523
5.0 -4.11497030387 -41.9329806017 25.9329806017
5.0 -4.04688593444 -41.3772857663 25.3772857663
5.0 -4.12440162364 -42.0106887531 26.0106887531
5.0 2.75420617493 -32.585651654 16.585651654
5.0 -0.324081288493 -25.1050286816 9.10502868155
5.0 3.81431853138 -39.5490258588 23.5490258588
5.0 0.897182544204 -25.8049365176 9.80493651762
5.0 3.58457231396 -37.849158674 21.849158674
5.0 -2.18498378927 -29.7741541594 13.7741541594
5.0 1.72700311447 -27.9825397574 11.9825397574
5.0 3.2424583864 -35.5135363876 19.5135363876
5.0 0.212329177934 -25.0450836798 9.0450836798
4.98399440199 0.0675075772215 -24.844757472 8.90877986408
5.0 -3.90765058084 -40.2697330619 24.2697330619
5.0 0.570275391352 -25.325214022 9.32521402198
4.99990061977 -3.16317495847 -35.0046820255 19.0050795464
4.63569019406 -0.184237238761 -21.5235669354 6.9808061592
5.0 -3.77465540049 -39.2480233924 23.2480233924
5.0 -4.64642350554 -46.5892513928 30.5892513928
4.99990451295 2.58413437465 -31.6767956049 15.6771775531
5.0 3.08518663004 -34.5183765422 18.5183765422
5.0 4.80502431044 -48.0882586239 32.0882586239
4.99764401176 2.28543240514 -30.1996469468 14.2090708997
5.0 -0.626349096565 -25.3923131908 9.39231319077
4.22308693156 -0.0103484478338 -17.8345703219 4.94222259565
5.0 1.47368485259 -27.1717470447 11.1717470447
2.90765858563 -0.157269459487 -8.47921213349 0.84857779096
5.0 -2.12878981073 -29.5317460583 13.5317460583
5.0 -2.66455188339 -32.0998367393 16.0998367393
4.28956630856 0.0977173133515 -18.4099277889 5.25166255462
5.0 -4.73094213748 -47.3818135082 31.3818135082
5.0 3.29873271014 -35.881637493 19.881637493
5.0 4.83700635374 -48.3966304661 32.3966304661
4.99990061977 -3.98662664904 -40.8921982464 24.8925957673
5.0 3.52150991059 -37.4010320504 21.4010320504
5.0 4.04487274099 -41.3609954908 25.3609954908
5.0 4.2524072433 -43.0829673629 27.0829673629
5.0 2.63928367236 -31.9658183032 15.9658183032
5.0 2.95799970579 -33.7497622595 17.7497622595
5.0 -1.13101499764 -26.2791949249 10.2791949249
5.0 1.34349073664 -26.8049673594 10.8049673594
5.0 2.20335867424 -29.8547894473 13.8547894473
5.0 -4.79231310771 -47.9662649223 31.9662649223
4.99990061977 -3.45103700609 -36.908662625 20.9090601459
2.30344894047 -0.0766771694358 -5.31175640964 0.0979606477821
5.0 -4.67174999641 -46.825248029 30.825248029
5.0 -2.8206441267 -32.9560332895 16.9560332895
5.0 -4.44506071495 -44.7585647596 28.7585647596
5.0 -3.40531411544 -36.5961642248 20.5961642248
5.0 2.52138565237 -31.357385608 15.357385608
5.0 -4.87915609495 -48.8061641989 32.8061641989
5.0 -2.98029854614 -33.8821794241 17.8821794241
5.0 -4.55759666384 -45.7716873503 29.7716873503
5.0 3.47324114024 -37.0634040183 21.0634040183
5.0 -2.81041358779 -32.8984245345 16.8984245345
5.0 -3.12002534934 -34.7345581805 18.7345581805
5.0 3.39832101678 -36.5485857331 20.5485857331
5.0 -4.03322438687 -41.2668989548 25.2668989548
5.0 -1.86106914814 -28.4635783742 12.4635783742
4.99764401176 -3.9361935479 -40.4700653148 24.4794892678
5.0 -4.12856462391 -42.0450458538 26.0450458538
5.0 4.31249086729 -43.5975774805 27.5975774805
2.92090306709 0.0675075772215 -8.5362320003 0.852619731951
5.0 -1.62597130906 -27.6437826979 11.6437826979
5.0 4.10420008216 -41.8444583144 25.8444583144
5.0 2.64655599781 -32.0042586496 16.0042586496
5.0 -4.67701221809 -46.8744432881 30.8744432881
5.0 3.41578863757 -36.6676120166 20.6676120166
4.99209840203 -4.87686862002 -48.7048939925 32.7365003843
5.0 -2.20792239933 -29.8749213214 13.8749213214
5.0 2.07912768402 -29.3227719265 13.3227719265
5.0 -4.67597632661 -46.8647546071 30.8647546071
5.0 -1.33272797482 -26.7761638549 10.7761638549
5.0 4.84493356427 -48.4733812422 32.4733812422
5.0 -1.29385234702 -26.6740538959 10.6740538959
5.0 -2.67875394031 -32.1757226727 16.1757226727
4.99726616994 -4.22034715983 -42.7839993227 26.7949346429
5.0 0.465023367541 -25.2162467324 9.21624673236
5.0 -4.78514460143 -47.8976088566 31.8976088566
5.0 4.45954607089 -44.8875511584 28.8875511584
5.0 4.74733116565 -47.5371531963 31.5371531963
5.0 -4.11193306304 -41.9079935149 25.9079935149
5.0 -1.75672719412 -28.0860904346 12.0860904346
5.0 -1.03665256315 -26.0746485367 10.0746485367
5.0 -3.12333891823 -34.7552459981 18.7552459981
5.0 4.84279198801 -48.4526342392 32.4526342392
5.0 -4.17137234685 -42.4003472561 26.4003472561
5.0 -2.25842991314 -30.1005056726 14.1005056726
5.0 -4.72373509773 -47.3136732735 31.3136732735
5.0 -0.49768923677 -25.2476945764 9.2476945764
5.0 -1.40051620696 -26.961445646 10.961445646
4.68911356285 -0.319008287909 -22.0895522931 7.33309804168
5.0 -2.57939551202 -31.6532812074 15.6532812074
5.0 -4.41573783043 -44.4987405871 28.4987405871
5.0 3.78317410331 -39.3124062959 23.3124062959
5.0 -2.72615691594 -32.4319315303 16.4319315303
5.0 4.05315713702 -41.4280827774 25.4280827774
5.0 -0.912515785525 -25.8326850588 9.83268505883
3.12345369908 0.0675075772215 -9.76052028329 1.26670548696
3.56019468013 -0.0668503681819 -12.6794551322 2.43867641164
5.0 2.79433349562 -32.8082996847 16.8082996847
5.0 -0.940782370963 -25.8850714695 9.88507146952
5.0 -4.64721126707 -46.5965725607 30.5965725607
5.0 -1.31915281907 -26.7401641601 10.7401641601
5.0 1.74440636224 -28.0429535566 12.0429535566
5.0 0.876018076421 -25.7674076702 9.76740767022
3.98139930968 -0.216526009583 -15.898423976 3.97282673724
5.0 3.48603158194 -37.1524161903 21.1524161903
5.0 3.53243898947 -37.4781252143 21.4781252143
5.0 4.85852745083 -48.6052889904 32.6052889904
5.0 -4.22831262528 -42.8786276571 26.8786276571
5.0 4.28318525972 -43.3456759691 27.3456759691
3.64334486491 -0.0739155461363 -13.2794253126 2.70604585298
5.0 1.17283000533 -26.3755302214 10.3755302214
4.54380703457 -0.0605647903931 -20.6498504612 6.47462232294
5.0 1.41461854636 -27.0011456317 11.0011456317
5.0 1.48117898747 -27.1938911929 11.1938911929
5.0 -3.59315698016 -37.9107770841 21.9107770841
5.0 -4.93445890462 -49.3488846814 33.3488846814
5.0 -4.34711181815 -43.8973811595 27.8973811595
4.33706872595 0.0935358930203 -18.8189140969 5.47063919309
4.63395160507 -0.267233837973 -21.5449214023 7.00911498203
5.0 2.11659630194 -29.4799799054 13.4799799054
5.0 -3.65341307661 -38.3474271083 22.3474271083
4.60891160468 -0.089839036893 -21.2501372323 6.8144908136
3.54038127198 0.0324433361603 -12.5353521211 2.37382703314
5.0 0.686099104884 -25.4707319817 9.47073198172
4.99978139601 -3.85433488556 -39.8537114179 23.8545858339
5.0 -1.37171828668 -26.881611058 10.881611058
4.29273379195 0.179187323925 -18.4596715056 5.28873633779
5.0 -1.36839074197 -26.8724932227 10.8724932227
5.0 -4.41026839921 -44.4504673531 28.4504673531
5.0 1.9421655069 -28.7720068562 12.7720068562
4.53906881144 -0.0987856108839 -20.6129042719 6.45662902614
4.99962826065 -1.4543729063 -27.1114832953 11.1129702527
3.94422336101 0.137912780928 -15.5759178567 3.79902441263
4.09929311051 0.28048142059 -16.8828738332 4.48570139113
3.0895736926 -0.125753404022 -9.56127952065 1.20298475024
2.98203166071 -0.175712573985 -8.92338773413 0.995261091291
5.0 2.41571183362 -30.8356636631 14.8356636631
2.26636035709 -0.0607803486915 -5.14008351899 0.0746420906174
3.50928726106 -0.00514912744812 -12.3151235941 2.2779745499
5.0 -1.14608255341 -26.3135052192 10.3135052192
5.0 -1.62368772075 -27.6363618145 11.6363618145
5.0 1.04656923985 -26.0953071738 10.0953071738
5.0 -0.983857561502 -25.9679757013 9.96797570132
5.0 1.31368119763 -26.725758289 10.725758289
5.0 0.907093540947 -25.822818692 9.82281869203
5.0 -4.56579657071 -45.8464983251 29.8464983251
5.0 1.59886119647 -27.5563571256 11.5563571256
4.26618252412 -0.0438957698808 -18.2022401677 5.13751007123
3.97282995155 0.147277958491 -15.805068621 3.91374881478
5.0 -4.4964488332 -45.2180521096 29.2180521096
5.0 -4.05360490539 -41.431712729 25.431712729
4.97213910462 -0.182047757399 -24.7553086617 8.8667522432
3.65363669366 -0.0710655994544 -13.3541114087 2.73956463405
3.31135902605 -0.021633812763 -10.9655666213 1.72013051706
5.0 4.2987135235 -43.4789379571 27.4789379571
4.97810813415 0.03652982022 -24.7828950231 8.87046248647
5.0 -3.0992160167 -34.6051399182 18.6051399182
3.06003767775 0.0618080514831 -9.3676508245 1.12750011349
5.0 4.29137364021 -43.4158877199 27.4158877199
5.0 -4.55717578579 -45.7678511426 29.7678511426
5.0 -0.675247567924 -25.455959278 9.45595927799
5.0 3.72690531014 -38.8898231907 22.8898231907
5.0 -2.22407288741 -29.9465002085 13.9465002085
5.0 0.866555146842 -25.7509178225 9.75091782252
5.0 2.77852860693 -32.7202212195 16.7202212195
4.35884447521 -0.182047757399 -19.032666545 5.59728864418
5.0 1.7026724682 -27.899093534 11.899093534
4.56040161186 0.0795641879271 -20.8035933214 6.56198687401
5.0 2.20574409636 -29.8653070186 13.8653070186
5.0 2.26578056981 -30.1337615905 14.1337615905
5.0 -0.745816655863 -25.5562424842 9.55624248416
5.0 2.28591299785 -30.2253982338 14.2253982338
5.0 -1.94705674354 -28.7910299626 12.7910299626
5.0 0.764835801852 -25.5849738038 9.58497380379
5.0 -3.18548663011 -35.1473250706 19.1473250706
5.0 -4.76696835127 -47.723987262 31.723987262
5.0 -2.42849754575 -30.8976003297 14.8976003297
5.0 -2.10488147501 -29.4305260238 13.4305260238
5.0 -4.39337891512 -44.3017782919 28.3017782919
5.0 -2.85913584238 -33.1746577652 17.1746577652
3.13231764318 0.0613574424031 -9.8151785535 1.28590798079
5.0 -4.89146594421 -48.9264390834 32.9264390834
5.0 -0.633547360924 -25.4013822585 9.40138225853
5.0 3.14930880166 -34.9181459282 18.9181459282
5.0 4.55298671256 -45.7296880047 29.7296880047
5.0 -4.63608764569 -46.4933086585 30.4933086585
4.99726616994 2.7096568974 -32.3149096749 16.3258449951
5.0 1.55381967932 -27.4143555958 11.4143555958
5.0 3.43755440983 -36.8167803205 20.8167803205
5.0 -3.80885924185 -39.5074087242 23.5074087242
5.0 -2.85766073686 -33.166224887 17.166224887
5.0 4.05521914341 -41.4448023011 25.4448023011
5.0 1.22853287874 -26.5092930341 10.5092930341
5.0 -2.18987140041 -29.7955367503 13.7955367503
5.0 2.43425527295 -30.9255987339 14.9255987339
5.0 2.55219003129 -31.5136739558 15.5136739558
3.63425408924 0.0438769778397 -13.2097279743 2.67271161738
5.0 -4.54031731923 -45.6144813593 29.6144813593
5.0 2.94862864258 -33.6944108719 17.6944108719
5.0 -1.51344152552 -27.2905052512 11.2905052512
5.0 -3.44913825357 -36.8965546922 20.8965546922
5.0 0.81502478938 -25.6642654073 9.6642654073
5.0 4.5227583357 -45.4553429631 29.4553429631
5.0 -0.561618117048 -25.3154149094 9.3154149094
5.0 -3.08242703045 -34.501356398 18.501356398
5.0 -2.18247774923 -29.7632091259 13.7632091259
5.0 4.17052890388 -42.3933113381 26.3933113381
5.0 2.79580225418 -32.8165102445 16.8165102445
5.0 3.81683698129 -39.5682445418 23.5682445418
5.0 -4.68449726693 -46.9445146439 30.9445146439
4.99980910599 -2.29961730011 -30.2863308233 14.2870943994
5.0 -1.27492848697 -26.6254426469 10.6254426469
5.0 -3.76578216179 -39.1811152901 23.1811152901
5.0 2.35805230154 -30.5604106568 14.5604106568
5.0 -3.42005846054 -36.6967998735 20.6967998735
5.0 -4.06644626499 -41.535985226 25.535985226
3.96248220209 0.177538612666 -15.7327851609 3.88285635251
5.0 -3.80612363545 -39.4865771284 23.4865771284
5.0 3.55194113649 -37.6162858371 21.6162858371
5.0 -1.5090923073 -27.277359592 11.277359592
5.0 3.62176014777 -38.117146568 22.117146568
4.0188142492 0.002334393259 -16.150873419 4.07561642217
5.0 -2.32224808245 -30.3928361564 14.3928361564
5.0 1.67852412599 -27.8174432415 11.8174432415
5.0 4.60099448441 -46.1691502455 30.1691502455
5.0 3.51379334659 -37.3467436826 21.3467436826
5.0 -1.78401665222 -28.1827154154 12.1827154154
4.79043913767 -0.00868940854142 -22.9483826376 7.78662608689
5.0 2.57137780953 -31.6119838393 15.6119838393
5.0 4.22077370557 -42.8149306736 26.8149306736
5.0 1.70852705527 -27.9190646986 11.9190646986
4.23642218328 -0.0210362825113 -17.9477154402 5.00202670705
5.0 3.95922603993 -40.6754708352 24.6754708352
5.0 1.81442287211 -28.2921303588 12.2921303588
5.0 -2.69492565368 -32.2626242788 16.2626242788
5.0 2.63300070251 -31.9326926994 15.9326926994
5.0 1.8502318293 -28.4233578221 12.4233578221
5.0 4.68204652883 -46.9215596981 30.9215596981
5.0 3.79856036715 -39.4290608629 23.4290608629
5.0 -2.32472443658 -30.404343706 14.404343706
5.0 -2.25009321171 -30.0629194614 14.0629194614
5.0 -4.66093344373 -46.7243005669 30.7243005669
4.61435319632 0.134001927249 -21.3102119369 6.85279915163
5.0 2.45730597932 -31.038352676 15.038352676
5.0 4.26962790761 -43.2297224694 27.2297224694
5.0 -1.4487406836 -27.0988495683 11.0988495683
5.0 1.49432393408 -27.23300402 11.23300402
5.0 -2.16894461707 -29.7043207519 13.7043207519
5.0 -2.89262455839 -33.3672768358 17.3672768358
5.0 4.34324408168 -43.863769153 27.863769153
5.0 -4.27782571392 -43.2997928387 27.2997928387
3.01257499447 0.0625290430764 -9.07951797856 1.02921800066
5.0 -3.68837500892 -38.6041102064 22.6041102064
3.3813388169 -0.108053697065 -11.4451277961 1.91977252853
5.0 4.1125603251 -41.9131524276 25.9131524276
5.0 -4.80953955786 -48.1316707586 32.1316707586
5.0 3.43946991219 -36.8299532769 20.8299532769
5.0 3.33421101755 -36.1169631095 20.1169631095
5.0 3.04704411143 -34.284477817 18.284477817
5.0 -3.48828178795 -37.1681098322 21.1681098322
5.0 3.22684339905 -35.412518322 19.412518322
5.0 -2.2361575014 -30.0004003711 14.0004003711
5.0 3.87233244695 -39.9949585797 23.9949585797
5.0 4.17375242551 -42.4202093095 26.4202093095
5.0 -3.3275531764 -36.0726101418 20.0726101418
5.0 -2.69218124628 -32.2478398628 16.2478398628
5.0 -4.91159384137 -49.1237540626 33.1237540626
5.0 -2.30811709708 -30.3274045338 14.3274045338
5.0 -4.60905726757 -46.2434088958 30.2434088958
5.0 3.42396462067 -36.7235337236 20.7235337236
5.0 -2.42184539266 -30.8653351059 14.8653351059
5.0 4.90926775148 -49.1009098557 33.1009098557
5.0 0.274193907453 -25.0751822989 9.07518229888
5.0 -3.22191134054 -35.3807126863 19.3807126863
5.0 -4.35562547747 -43.9714733 27.9714733
3.26399475296 -0.0586196194716 -10.6570980071 1.60111899529
5.0 4.07956230898 -41.6428286329 25.6428286329
5.0 4.93976076132 -49.4012363791 33.4012363791
5.0 0.594457689578 -25.3533799447 9.3533799447
4.99980910599 -0.777279018838 -25.6022537695 9.60301734552
5.0 -2.71166082185 -32.3531044128 16.3531044128
5.0 -4.30812230085 -43.5599177591 27.5599177591
5.0 4.87972257656 -48.8116924242 32.8116924242
5.0 1.21131444262 -26.4672826789 10.4672826789
5.0 -3.38920228611 -36.4866921362 20.4866921362
5.0 3.21600910933 -35.3427145913 19.3427145913
5.0 2.04984329107 -29.2018575179 13.2018575179
4.50641386898 -0.292159037343 -20.3931228616 6.36746738571
5.0 3.1375348098 -34.8441246827 18.8441246827
5.0 1.68092280316 -27.8255014702 11.8255014702
5.0 -4.64955184601 -46.6183323687 30.6183323687
4.63401232838 -0.0103484478338 -21.4741773499 6.93812803641
5.0 -4.5268065458 -45.4919775031 29.4919775031
5.0 3.07857397201 -34.4776177011 18.4776177011
5.0 4.96214328333 -49.6228659643 33.6228659643
5.0 2.6131061296 -31.8283236446 15.8283236446
5.0 4.95204680365 -49.5227675456 33.5227675456
5.0 -4.38846234218 -44.2586017287 28.2586017287
4.54679396691 -0.0862827839065 -20.6807800964 6.49360422871
5.0 0.505115542446 -25.2551417112 9.25514171122
5.0 1.90090338627 -28.6134336839 12.6134336839
5.0 -4.224035146 -42.8424729146 26.8424729146
5.0 4.68818885733 -46.979114762 30.979114762
4.99990061977 4.22289420134 -42.8318416433 26.8322391642
5.0 -1.3590548016 -26.8470299538 10.8470299538
5.0 3.01019260381 -34.061259512 18.061259512
5.0 -4.68612786375 -46.9597943554 30.9597943554
5.0 -4.81540790522 -48.1881532936 32.1881532936
5.0 -4.45061589113 -44.8079818104 28.8079818104
5.0 -4.35392116647 -43.9566295238 27.9566295238
5.0 2.95872807455 -33.7540718191 17.7540718191
5.0 3.18061856278 -35.1163344419 19.1163344419
5.0 -4.84964929518 -48.5190982862 32.5190982862
5.0 -2.46020493504 -31.0526083224 15.0526083224
5.0 -1.73502241418 -28.0103027777 12.0103027777
5.0 -3.04392262782 -34.2654649642 18.2654649642
5.0 -1.14130768369 -26.3025832289 10.3025832289
5.0 -4.26138372609 -43.159391261 27.159391261
5.0 4.16533391903 -42.350006657 26.350006657
5.0 0.820820426061 -25.6737461718 9.67374617184
4.09791669787 0.131705648635 -16.8102676406 4.4186008491
5.0 4.97110478346 -49.7118827682 33.7118827682
5.0 3.12879758843 -34.7893743494 18.7893743494
4.99764401176 3.1495449874 -34.896079296 18.9055032489
5.0 3.61060182764 -38.0364455578 22.0364455578
2.36333800418 0.0797876248301 -5.5917325871 0.13838057036
4.99990061977 3.74343549105 -39.0123154832 23.0127130042
5.0 -0.834270260724 -25.6960068679 9.69600686793
5.0 1.94022288475 -28.7644648425 12.7644648425
3.66640022159 0.112196648287 -13.4550786728 2.78947778641
5.0 -3.67454539954 -38.5022838933 22.5022838933
5.0 4.53781809414 -45.5917930555 29.5917930555
5.0 1.41856177161 -27.0123174999 11.0123174999
5.0 -1.97089619166 -28.8844317983 12.8844317983
5.0 -1.23976547183 -26.5370184252 10.5370184252
5.0 1.20751580368 -26.4580944161 10.4580944161
5.0 -4.81656202344 -48.1992697256 32.1992697256
5.0 3.60120433117 -37.9686726349 21.9686726349
5.0 1.569462923 -27.4632138667 11.4632138667
5.0 -4.14488130695 -42.1800410487 26.1800410487
4.99990061977 1.63005113058 -27.6560728959 11.6564704168
5.0 4.37173881088 -44.1121002305 28.1121002305
4.99990061977 1.28343867051 -26.6462210286 10.6466185495
5.0 -0.972063680173 -25.9449077983 9.94490779831
5.0 -0.947017594228 -25.8968423238 9.89684232378
5.0 4.45561722141 -44.8525248237 28.8525248237
5.0 -2.51667528123 -31.3336544711 15.3336544711
5.0 2.50388953311 -31.269462794 15.269462794
3.3031069949 -0.0554446875719 -10.9135899332 1.70116195355
5.0 -2.02409198438 -29.0969483612 13.0969483612
5.0 3.09591331242 -34.584679238 18.584679238
5.0 4.11342077635 -41.9202304833 25.9202304833
5.0 3.99183162465 -40.9347197195 24.9347197195
4.47171312046 0.0675075772215 -20.0007755047 6.11392302284
5.0 3.1008600346 -34.6153329542 18.6153329542
5.0 4.99114658218 -49.9115442048 33.9115442048
3.8844483413 0.116494505478 -15.102509886 3.56471652083
5.0 4.92731669218 -49.278449785 33.278449785
5.0 -2.48093310452 -31.1550290691 15.1550290691
5.0 -3.60756329461 -38.0145129246 22.0145129246
5.0 3.58609212297 -37.8600567144 21.8600567144
5.0 -4.19032117799 -42.5587915747 26.5587915747
5.0 3.10707794458 -34.6539333537 18.6539333537
5.0 4.52410491172 -45.4675252523 29.4675252523
5.0 3.89442419608 -40.166539819 24.166539819
5.0 -3.40309412647 -36.5810496336 20.5810496336
5.0 1.02838741523 -26.0575806758 10.0575806758
5.0 0.859465663289 -25.7386812264 9.73868122637
5.0 -3.26521656203 -35.6616391969 19.6616391969
5.0 1.82435512934 -28.328271638 12.328271638
5.0 -3.7511321294 -39.0709922522 23.0709922522
5.0 -1.91720731019 -28.6756838702 12.6756838702
5.0 4.15834358175 -42.2918213439 26.2918213439
5.0 -2.93170135187 -33.5948728166 17.5948728166
5.0 -2.59687753338 -31.7437729234 15.7437729234
5.0 2.19786462542 -29.8306089117 13.8306089117
5.0 2.83640128976 -33.0451722765 17.0451722765
5.0 -2.61797227376 -31.8537788262 15.8537788262
5.0 2.49400169996 -31.2200444794 15.2200444794
5.0 4.73181981587 -47.3901187699 31.3901187699
5.0 3.06684507245 -34.4055386984 18.4055386984
4.40998676219 0.0227759114985 -19.4485019849 5.80855493609
5.0 -4.45296234438 -44.8288736405 28.8288736405
5.0 -4.72629801829 -47.3378929577 31.3378929577
5.0 -4.39831587705 -44.3451825543 28.3451825543
5.0 2.72309655271 -32.4152548354 16.4152548354
5.0 2.74456038553 -32.5326117098 16.5326117098
5.0 3.62018887154 -38.1057674656 22.1057674656
5.0 -2.4542707455 -31.0234448922 15.0234448922
5.0 -4.495345489 -45.2081310655 29.2081310655
5.0 2.30327485765 -30.3050750699 14.3050750699
5.0 -2.70295645057 -32.3059735737 16.3059735737
5.0 -4.50181125884 -45.2663046103 29.2663046103
5.0 4.14335161195 -42.1673625802 26.1673625802
5.0 -3.37331729438 -36.3792695685 20.3792695685
5.0 -2.61702970779 -31.8488444915 15.8488444915
5.0 -1.56291809086 -27.4427129587 11.4427129587
5.0 -0.695158267788 -25.4832450173 9.48324501727
5.0 3.45277180161 -36.921633114 20.921633114
5.0 -1.9909752293 -28.9639823637 12.9639823637
5.0 -4.50279202999 -45.2751360654 29.2751360654
5.0 3.12105433739 -34.7409801769 18.7409801769
5.0 -3.21815911406 -35.3565480834 19.3565480834
5.0 1.23165754048 -26.516980297 10.516980297
2.88515516508 -0.0103484478338 -8.32422741693 0.783606756633
5.0 4.36202315133 -44.0272459727 28.0272459727
5.0 -4.10555543124 -41.855585399 25.855585399
4.99990061977 2.22975027683 -29.9707925046 13.9711900255
5.0 -2.1640393597 -29.6830663503 13.6830663503
5.0 -2.53666297708 -31.4346590593 15.4346590593
5.0 3.96879882993 -40.7513641525 24.7513641525
5.0 4.24981803616 -43.0609533405 27.0609533405
5.0 1.39822369823 -26.9550295103 10.9550295103
5.0 -3.81232782007 -39.5338434076 23.5338434076
5.0 4.40477997982 -44.4020866706 28.4020866706
5.0 -2.27297343949 -30.1664082566 14.1664082566
5.0 -4.54766532163 -45.6812598775 29.6812598775
5.0 -2.05951833098 -29.2416157556 13.2416157556
5.0 -3.96522583649 -40.7230159343 24.7230159343
5.0 -1.09507304293 -26.1991849693 10.1991849693
5.0 3.64379106291 -38.2772133101 22.2772133101
5.0 1.85300069322 -28.4336115691 12.4336115691
2.76738688531 0.0675075772215 -7.66298744594 0.593439904722
5.0 -3.29470963178 -35.8551115577 19.8551115577
5.0 -1.36455026603 -26.8619974285 10.8619974285
5.0 -4.48532643949 -45.1181532688 29.1181532688
5.0 3.52570519981 -37.430597156 21.430597156
5.0 1.59346586712 -27.5391334697 11.5391334697
5.0 0.392582832229 -25.1541212802 9.15412128016
5.0 4.0387566269 -41.3115550913 25.3115550913
5.0 -3.77915698075 -39.2820274852 23.2820274852
5.0 -4.34819407047 -43.9067916745 27.9067916745
5.0 1.27023436275 -26.6134953363 10.6134953363
5.0 2.76151368575 -32.6259578366 16.6259578366
5.0 1.33431331169 -26.7803920138 10.7803920138
5.0 -4.2394317289 -42.972781384 26.972781384
5.0 1.46797768457 -27.1549584824 11.1549584824
5.0 -1.71045507693 -27.9256565702 11.9256565702
5.0 4.33658502515 -43.8059696803 27.8059696803
5.0 -3.6163341926 -38.0778729926 22.0778729926
5.0 2.07211508813 -29.2936609385 13.2936609385
5.0 0.84488935439 -25.7138380212 9.71383802116
5.0 4.94079673894 -49.4114724155 33.4114724155
5.0 -4.85971579791 -48.6168376364 32.6168376364
5.0 -2.56920084999 -31.6007930076 15.6007930076
5.0 -4.02862460097 -41.2298161755 25.2298161755
5.0 0.652753502515 -25.426087135 9.42608713505
5.0 -4.87639856988 -48.7792630123 32.7792630123
5.0 -3.71041616628 -38.767188127 22.767188127
5.0 0.122417911217 -25.014986145 9.01498614499
5.0 -0.79285788019 -25.6286236182 9.62862361818
5.0 4.95934394653 -49.59509238 33.59509238
5.0 -1.34668803223 -26.8135686562 10.8135686562
5.0 -3.60340335607 -37.9845157465 21.9845157465
5.0 2.07505043994 -29.3058343283 13.3058343283
5.0 -3.09778592971 -34.5962776663 18.5962776663
5.0 -2.40541290431 -30.7860112402 14.7860112402
5.0 -4.14978362134 -42.220704104 26.220704104
5.0 -2.43156653071 -30.9125157933 14.9125157933
5.0 -0.811082461339 -25.6578547591 9.65785475909
5.0 1.2500924585 -26.5627311548 10.5627311548
5.0 -1.77234246088 -28.1411977986 12.1411977986
5.0 -4.73645130399 -47.4339709551 31.4339709551
5.0 2.76000452874 -32.6176249987 16.6176249987
5.0 -2.34178903218 -30.4839758712 14.4839758712
5.0 -4.80745524396 -48.1116259227 32.1116259227
5.0 -3.10881988567 -34.6647610815 18.6647610815
5.0 -2.46472413127 -31.0748650433 15.0748650433
5.0 3.0292088627 -34.1761063338 18.1761063338
5.0 -0.311286103751 -25.0968990384 9.09689903839
4.99662548304 -0.0437804448545 -24.9681829451 8.98168101293
5.0 3.51819013677 -37.3776618384 21.3776618384
4.28163445771 -0.0593516079381 -18.3359162428 5.20937841196
5.0 3.90958642562 -40.2848660194 24.2848660194
4.99980910599 -2.02553375555 -29.1008780912 13.1016416673
5.0 1.61731806272 -27.615717716 11.615717716
5.0 -2.34482736498 -30.4982153715 14.4982153715
5.0 3.7484934993 -39.0512035143 23.0512035143
5.0 1.39535986734 -26.9470291594 10.9470291594
5.0 2.27126233915 -30.1586326132 14.1586326132
5.0 -3.46611276699 -37.0139377135 21.0139377135
5.0 4.76957374247 -47.7488336849 31.7488336849
5.0 1.56001994772 -27.4336622373 11.4336622373
5.0 -2.50955059601 -31.2978441939 15.2978441939
5.0 4.52604054928 -45.4850430537 29.4850430537
5.0 1.06440487459 -26.132957737 10.132957737
5.0 -3.13007022443 -34.7973396099 18.7973396099
5.0 2.02919153893 -29.1176183017 13.1176183017
4.99990061977 3.31732559677 -36.0036553226 20.0040528435
5.0 -4.56656410116 -45.85350769 29.85350769
5.0 2.62108366648 -31.8700795867 15.8700795867
3.89358677177 -0.0103484478338 -15.1601250397 3.5857779526
5.0 -3.12425538621 -34.7609717183 18.7609717183
5.0 2.86657660917 -33.2172614562 17.2172614562
5.0 3.46862599218 -37.0313662736 21.0313662736
5.0 -1.41240502624 -26.9948879582 10.9948879582
5.0 -3.30197276508 -35.9030241413 19.9030241413
4.99990061977 -4.17618054412 -42.4394901447 26.4398876656
5.0 -3.13420491715 -34.8232404627 18.8232404627
5.0 2.64274907709 -31.9841226845 15.9841226845
5.0 -1.81134182187 -28.2809591957 12.2809591957
4.99990061977 2.27574536979 -30.1780231957 14.1784207166
5.0 -4.03609817592 -41.2900884857 25.2900884857
5.0 1.3107618518 -26.7180966321 10.7180966321
5.0 -4.09535486696 -41.7719314863 25.7719314863
2.86610447053 -0.101348355567 -8.2248263252 0.760408443056
5.0 4.39638339435 -44.3281869501 28.3281869501
5.0 4.32832573059 -43.7344036301 27.7344036301
5.0 2.55594438351 -31.5328516916 15.5328516916
5.0 -2.43930074094 -30.9501881047 14.9501881047
5.0 3.42164061694 -36.7076245115 20.7076245115
3.71809596166 0.227001082438 -13.8757670715 3.0033832249
5.0 4.92161451371 -49.2222894216 33.2222894216
4.35836185221 0.160481654271 -19.0210723961 5.5876249873
5.0 3.40651718397 -36.6043593247 20.6043593247
5.0 2.511084 -31.3055428551 15.3055428551
4.81754129981 0.0675075772215 -23.2132614484 7.94309624912
5.0 -3.05689744373 -34.3446219815 18.3446219815
5.0 -3.16627260953 -35.0252822379 19.0252822379
3.66399571967 -0.0460240254332 -13.4269828447 2.770999966
5.0 2.11286904223 -29.4642155896 13.4642155896
5.0 4.46303490537 -44.9186805665 28.9186805665
4.86115308941 -0.0477498499837 -23.6330894068 8.18847704921
5.0 -4.02293763101 -41.184027183 25.184027183
5.0 -2.7513842326 -32.5701151954 16.5701151954
5.0 -4.85434539147 -48.5646691797 32.5646691797
4.46117088885 -0.10099100773 -19.9122448831 6.06756132775
5.0 -4.70987886882 -47.182958959 31.182958959
5.0 -1.40844626967 -26.9837208945 10.9837208945
5.0 -3.3314418393 -36.0985047287 20.0985047287
3.18893227684 0.159775015237 -10.1948171218 1.43908801441
5.0 2.6196164283 -31.8623902314 15.8623902314
5.0 3.02613129095 -34.1574705901 18.1574705901
5.0 -4.35232789939 -43.9427581438 27.9427581438
5.0 -1.694929287 -27.8727852879 11.8727852879
5.0 -2.67259350691 -32.1427560532 16.1427560532
5.0 -3.91304024004 -40.3118839202 24.3118839202
4.47496522206 -0.225688648696 -20.0762491048 6.17638821654
4.99990061977 -0.753146562668 -25.5662359525 9.56663347337
4.99990061977 -4.15737615413 -42.2827826945 26.2831802154
5.0 -4.58387879878 -46.0119448419 30.0119448419
4.99726616994 -3.23224770097 -35.4200943737 19.4310296939
5.0 -1.61430278481 -27.6059734811 11.6059734811
5.0 -4.68366816865 -46.9367475141 30.9367475141
5.0 4.30820924214 -43.560666874 27.560666874
5.0 -3.16777917048 -35.0348248729 19.0348248729
5.0 3.44275816307 -36.8525837694 20.8525837694
5.0 -4.40415090867 -44.3965452264 28.3965452264
4.99980910599 -3.84910702213 -39.8137159642 23.8144795402
5.0 -4.3711409274 -44.1068730072 28.1068730072
5.0 -4.6125846006 -46.2759366977 30.2759366977
5.0 3.31163815183 -35.9669472487 19.9669472487
5.0 4.32591158415 -43.7135110339 27.7135110339
5.0 3.76134172053 -39.1476915386 23.1476915386
4.99990061977 4.37621384379 -44.1502538142 28.1506513351
5.0 -4.05641514786 -41.4545038518 25.4545038518
5.0 4.89895456468 -48.9997558268 32.9997558268
5.0 -0.931348599478 -25.8674102137 9.86741021375
5.0 -4.1807584742 -42.4787414196 26.4787414196
5.0 -4.45820914103 -44.8756287452 28.8756287452
4.65833761489 0.0712916453069 -21.7051918329 7.0718413734
5.0 3.53022568825 -37.46249341 21.46249341
3.22470338974 0.0797876248301 -10.4050780169 1.50626445791
5.0 4.43178517032 -44.6407197959 28.6407197959
5.0 2.88749185807 -33.3376092304 17.3376092304
3.94422581162 0.0675075772215 -15.561474526 3.78457127955
5.0 4.1515045192 -42.2349897729 26.2349897729
5.0 4.84076896679 -48.4330441898 32.4330441898
5.0 -4.36011993311 -44.0106458311 28.0106458311
5.0 2.77476684371 -32.699331037 16.699331037
5.0 -3.64619509518 -38.2947386721 22.2947386721
5.0 -3.68230354476 -38.5593593957 22.5593593957
5.0 -3.4605098419 -36.9751283659 20.9751283659
5.0 3.81772283437 -39.5750076401 23.5750076401
5.0 -4.39308745307 -44.2992173703 28.2992173703
3.17438909974 -0.130322036662 -10.0937299898 1.39617359083
5.0 -2.26852141024 -30.1461893887 14.1461893887
5.0 3.4108345137 -36.6337920798 20.6337920798
5.0 -2.77633008495 -32.7080087406 16.7080087406
5.0 -3.20368817267 -35.2636179077 19.2636179077
5.0 1.17866869228 -26.3892598862 10.3892598862
5.0 -3.71536837395 -38.8039621542 22.8039621542
5.0 2.03273326089 -29.1320045099 13.1320045099
3.01695399406 0.0797876248301 -9.10837746734 1.04056149111
5.0 -0.757458048351 -25.573742695 9.57374269501
5.0 3.21341138059 -35.3260127009 19.3260127009
5.0 3.80259897066 -39.4597589317 23.4597589317
5.0 -3.77501138457 -39.2507109537 23.2507109537
5.0 -3.94527658563 -40.5652073371 24.5652073371
2.73529272008 -0.130322036662 -7.49881009777 0.557639217444
5.0 -1.86353156736 -28.4727499025 12.4727499025
3.1696914202 -0.0594813388445 -10.050481729 1.37171604816
4.99824260782 -2.9916106998 -33.9321637458 17.9391933145
5.0 4.10134057726 -41.8209945307 25.8209945307
5.0 -1.68916308942 -27.8532719427 11.8532719427
5.0 -0.955734405656 -25.9134282542 9.91342825416
5.0 3.82912838804 -39.6622242121 23.6622242121
2.83420945002 0.053595110088 -8.03561564239 0.698777842322
4.51144131122 -0.297967911534 -20.4418875809 6.396122336
5.0 0.234193684355 -25.0548466818 9.05484668179
5.0 -0.962865004773 -25.9271090174 9.92710901742
5.0 1.99905651086 -28.9962269336 12.9962269336
5.0 3.45805090816 -36.9581160834 20.9581160834
5.0 -4.37447618911 -44.1360419291 28.1360419291
4.24344643234 0.0613574424031 -18.0106023599 5.03681663053
5.0 3.6426752756 -38.2690831635 22.2690831635
