9.97476840249 9.14158446841 4.45932285131 0.429977643052 0.309214083389 0.467881805641 9.99998860285 9.98405636637 0.302929134523 0.11828455958 0.298117233781 0.0390679461334 0.0822566628212 0.0358563575078 23.0 0.0 -21.528
9.91238887523 9.53659893106 0.53975554064 0.358118495472 0.273312839623 0.472568203541 9.69626567069 9.93904299083 0.00914630423618 0.0220836796228 0.000465785837643 0.25204554342 0.346690467595 0.141978091864 21.0 0.0 -21.413
9.62206610836 0.0805738415077 0.0816038128265 0.458440330269 0.474338498492 0.156282600986 9.94508020588 9.98310508746 0.348181916716 0.0756489604567 0.364839467862 0.0800860825305 0.484889766654 0.0748860998617 10.0 0.0 -20.753
9.32077619876 0.198436659176 0.332134781519 0.0829675762422 0.236408024045 0.169209060408 9.97887640728 9.9996064027 0.406103730537 0.447826333689 0.0454497899997 0.028250933112 0.0175638306045 0.195101420756 9.0 0.0 -20.406
9.62206610836 2.61861297865 0.0816038128265 0.459462285797 0.474338498492 0.126535819968 9.94508020588 9.98844357623 0.305324661736 0.117610641649 0.364839467862 0.0674592069173 0.479281847129 0.0741382474187 13.0 0.0 -20.935
9.88434490875 9.71625023327 9.57535081563 1.6257492441 5.00985094555 0.472779691025 9.94205686821 9.9745376389 0.000667987280338 0.122940927584 0.000163733593801 0.0751833002323 0.389069387673 0.133559452263 37.0 0.0 -22.21
9.6475514812 9.71625023327 9.57535081563 1.6257492441 0.176517764826 0.472779691025 9.94205686821 9.78313441952 0.000667987280338 0.122940927584 0.000155841345493 0.0751833002323 0.389069387673 0.13545631406 32.0 0.0 -22.016
9.97090198768 9.78326948019 0.371614187927 0.453892354186 0.338659358347 0.4758531866 9.7149374099 9.93901507607 0.43288493702 0.0926485603102 0.291058058034 0.375123306064 0.00447555402614 0.140546813729 20.0 0.0 -21.356
9.57667155073 9.81864494824 7.05478116058 0.0599186543018 0.176851259892 0.472568203541 9.99997502808 9.99911164051 0.224033135543 0.00703110893095 0.257191735909 0.0739422532994 0.340027634663 0.146557439751 27.0 0.0 -21.76
9.66517145336 1.22096658814 0.0816038128265 0.458440330269 0.474338498492 0.156343041261 9.95023840168 9.9836443152 0.371753146792 0.075787934997 0.366780741164 0.19334695217 0.484889766654 0.0227051493593 11.0 0.0 -20.816
0.627056891272 0.437683628002 0.00645597365115 0.486465875946 0.269052185008 0.355354350295 9.9859942217 9.95507296552 0.114924624103 0.355934077362 0.219789707135 0.0206750189727 0.33341450679 0.11075828367 1.0 0.0 -17.611
9.94112724052 9.71625023327 9.57535081563 0.0385884287861 0.452606303282 0.472779691025 9.94205686821 9.9745376389 0.00133941647025 0.122940927584 0.00152428360244 0.0751833002323 0.394271032057 0.144229385399 30.0 0.0 -21.933
9.62206610836 6.24043409858 0.0816038128265 0.459462285797 0.474338498492 0.126535819968 9.94508020588 9.98844357623 0.305324661736 0.117610641649 0.364839467862 0.0674592069173 0.479281847129 0.0741382474187 16.0 0.0 -21.116
9.50708555163 9.82537011961 4.60029567892 0.453892354186 0.439457947463 0.467997755435 9.99724188469 9.97462659856 0.219889806486 0.0931178255136 0.00455436045764 0.37926586639 0.00447555402614 0.195238063492 25.0 0.0 -21.648
0.0606315958362 0.0283109781981 0.000235795090934 0.19816256242 0.26291150784 0.0190299769392 9.5016096559 9.95451405807 0.106827654998 0.0786285570958 0.229480902232 0.0199312941718 0.496802923749 0.0567107259955 0.0 0.0 -17.261
3.10451290279 0.197716120341 0.0777953902119 0.0829930066567 1.39161078447e-05 0.46867889669 9.97192124186 9.97292575953 0.396385867431 0.257270476182 0.00100655690366 0.0276525317113 0.0819748407885 0.335252814013 3.0 0.0 -18.31
1.50301512914 0.0842394329552 0.00513650242302 0.456968320453 0.269052185008 0.355354350295 9.94475540328 9.95507296552 0.000236311383265 0.355934077362 0.222880450645 0.0206425428432 0.33341450679 0.146033539679 2.0 0.0 -17.96
9.67141425924 8.48778553238 0.199127478999 0.0475507093812 0.18552276128 0.472568203541 9.99917396838 9.99911164051 0.224033135543 0.00705175733566 0.257188861626 0.0739422532994 0.340027634663 0.146557439751 18.0 0.0 -21.236
5.66507208199 0.00399259518688 0.409641209727 0.076080033966 0.197663726896 0.355354350295 9.7675817859 9.99803153939 0.00481144756693 0.291056360039 0.249399700703 0.128675259139 0.0281914546659 0.105983830326 6.0 0.0 -19.357
3.68030261382 0.161857577462 0.0816038128265 0.458368418058 0.473939665951 0.161737837815 9.94140015436 9.98449307245 0.371424192675 0.0756489604567 0.123769294306 0.195427480266 0.484889766654 0.0760406902695 4.0 0.0 -18.66
9.92523543331 9.74271283094 9.50637671143 1.2539053002 9.7345606447 2.66633163524 9.705513214 9.93358458489 0.0189560112483 0.1698678667 0.000499029462305 0.257450112059 0.320936194519 0.0139221363915 44.0 0.0 -22.441
9.58513777933 10.0 9.72241350244 1.03590440624 3.9668269369 0.479419797386 9.96902251034 9.95961857728 0.179456735329 0.249393559942 0.17454379366 0.162108344778 0.291004653593 0.132078156475 35.0 0.0 -22.13
9.6797714206 10.0 9.96521472176 1.04719821482 6.93238392863 10.0 9.94926667338 9.92121777036 0.0 0.122938396832 4.25134178301e-06 0.0667706549578 1.48220415132 0.00214100347058 48.0 1.0 -22.512
9.67790135519 9.99964866422 9.69675779553 1.6813681686 6.82173056364 9.89545317458 9.98560786622 9.99998341485 0.190213908486 0.148787327925 0.35436946398 0.129509417287 0.0 0.264484642338 49.0 0.0 -22.552
7.48575571261 0.30565627521 0.0214879332437 0.195204336686 0.22206310603 0.138411262093 9.99826584639 10.0 0.464876142714 0.271672314554 0.222953361109 0.019851617561 0.203269314262 0.0768036560781 7.0 0.0 -19.707
10.0 4.05226070101 1.22100746798 0.259209926343 0.0 0.0528698349599 9.7222443141 10.0 0.411337720103 0.0786715535607 0.328366330703 0.369874183596 0.424802210648 0.106536257253 15.0 0.0 -21.055
8.24812265254 0.117164421346 0.131613375195 0.422970705311 0.257328489901 0.0164103174591 9.51875351763 9.98896184035 0.30532754934 0.078674392918 0.231981023979 0.0191308697364 0.4696187956 0.142609901134 8.0 0.0 -20.056
9.81052588948 10.0 7.77952055604 0.126927386768 0.475270740296 0.449556103247 9.93654321607 9.90705445577 0.166177953723 0.0 0.0 0.0276833678249 0.312143164987 0.204484432659 28.0 0.0 -21.818
9.57667155073 9.80999985064 9.89849265019 0.347089514015 9.36912884218 0.574803904224 9.98098749987 9.99786994388 0.00595946313193 0.214238632821 0.00049128364449 0.0752087655097 0.340027634663 0.0096984545821 40.0 0.0 -22.307
4.74984067137 0.0225482945071 0.0 0.395320980928 0.00375244259269 0.345113256595 9.96839630098 9.99629626847 0.114968020428 0.0687723573069 0.0134269649396 0.311011925977 0.144419042886 0.0418174214355 5.0 0.0 -19.008
