x y obj1 obj2
2.4689919356 0.595000219903 -10.095921178 4.21995343565
3.91759214665 -2.79737010547 -31.3475282275 19.6771596409
4.69257652985 -0.489541184038 -47.0202744885 32.2499683691
4.01694759005 -3.02437774791 -32.1358679412 20.068077581
4.95384103617 3.02737314441 -49.5405410117 33.725176867
4.3663842183 -3.16683711441 -35.0653111418 21.5997742686
2.77941263406 -3.0187281593 -16.7251345904 9.60748405414
3.41055850189 2.02124928131 -20.6319092948 10.9896752872
3.58421477111 -4.2678824189 -28.8465955254 18.509736441
4.94786094407 0.969188149182 -49.4813279219 33.6898841456
3.46219948457 -0.851311889908 -20.986825271 11.1380273327
4.97733272612 -2.62822058928 -49.7738410665 33.864510162
3.81081355888 -0.514098258697 -30.5222999805 19.279045745
4.96263322712 -3.01676702653 -49.6277285469 33.7771956384
4.81112701054 4.88755334553 -48.1469431115 32.9024350694
3.00926892595 -0.840035058964 -18.0556994687 10.0186237649
4.84048200282 -1.22473646869 -48.4302660196 33.0683380083
4.40398663211 0.6875989304 -35.3950982558 21.7791517274
4.69946348144 -0.452221113186 -47.0849570134 32.2871030876
2.39993002598 2.17511290176 -9.75966412961 4.15994402568
3.8653475345 -0.162494600887 -30.9409115625 19.4795214245
4.52145844786 -2.69380427067 -45.4435864957 31.3577527043
4.92937813776 -2.79001710995 -49.298768825 33.581256274
3.92064110198 -0.768755531176 -31.3714266505 19.6888622426
4.07115519384 2.17535168258 -32.5743046124 20.289683837
4.62406340526 1.76249430291 -46.3819623759 31.8857087548
2.48974550241 0.672068059457 -10.1988326668 4.23985065713
2.61590402347 3.19288539523 -15.84295386 9.37933776612
4.94907015771 2.84214455118 -49.4932954259 33.6970147951
4.59335575216 0.567178752766 -46.0989170659 31.7254940573
3.96182981226 -1.49202825511 -31.6960954613 19.8487762123
3.89426847587 -0.094372620191 -31.1653269622 19.5882530587
3.84384169851 -0.802146851632 -30.7751190032 19.3997522092
4.28602696046 0.0526514562422 -34.3700271058 21.2259192639
3.67907453058 2.21804979016 -29.5355894015 18.8192912792
2.3738629389 0.0155731026554 -9.63522525267 4.13977349708
4.39751803094 -1.40739423484 -35.3381648324 21.7480927087
4.52962824598 -1.44479165469 -45.5175320468 31.3990190629
3.56460817823 -0.75719579257 -28.7064314643 18.4479987514
4.45144453073 -3.60709081604 -35.8153584102 22.0095802873
4.90974474929 -3.5681699865 -49.1055935032 33.466614506
4.76342212636 -0.260429241347 -47.6901903539 32.6365018485
3.1113620098 2.04122241285 -18.680573556 10.2351255168
4.99590615276 0.672068059457 -49.9590782872 33.9754536762
4.26861854719 -0.168804010648 -34.2211043014 21.1466301126
4.26521006954 1.4434530482 -34.1920169373 21.1311766592
3.88100371903 1.17588973748 -31.0621898671 19.538174991
3.6411877765 2.17683979477 -29.2582484237 18.6934973177
3.1648790087 -0.0310972693914 -19.0164591397 10.3569431049
4.49799082689 4.12487970302 -36.2319214788 22.2399581713
3.39208259058 -0.556184037586 -20.5062243013 10.937893939
3.64836111002 -4.11408844359 -29.3105387891 18.717094349
3.48887992457 -4.42891973383 -21.1722831281 11.2167634298
3.19902606682 0.62975339172 -19.2337677762 10.4376635089
4.32538663944 1.73876794237 -34.7089695806 21.4074230229
4.25137510372 -0.226355344421 -34.0741902725 21.0686898577
4.27581272731 1.86135929864 -34.282574479 21.1793235698
3.59360187339 -2.25854925538 -28.9139744244 18.5395669309
4.1395428098 1.59206861844 -33.1358146742 20.577643435
3.90171897775 -0.173994207348 -31.2234109813 19.6165350703
3.81867231605 -2.49172582048 -30.5822582574 19.3075689932
4.30154554659 -0.239430073413 -34.5032940894 21.297111903
3.14343498503 0.330765322624 -18.8811835051 10.307443565
3.49286900125 -0.472306620405 -21.2001338599 11.2286578549
3.82692315396 -4.65509479324 -30.6453408263 19.3376482105
2.91093961746 -1.09330317289 -17.4735694565 9.82981098667
3.26882208337 -1.19629717713 -19.6851978127 10.6099094792
4.46549987282 -1.29257624045 -35.9406891142 22.0786896229
4.93406198299 -0.881041862156 -49.344967652 33.60871972
4.88047919657 -3.93295873508 -48.8190771882 33.2971604019
3.2837488812 -0.75404744941 -19.7830067148 10.64801119
3.3108160069 1.27929540585 -19.9615026315 10.7182386039
2.82238461627 -1.63608852055 -16.9658549221 9.67631645707
4.78371849141 4.55257722862 -47.883962605 32.7490886394
2.57224353672 -0.344086774938 -15.6164368122 9.32746266532
2.17252859547 4.43896378843 -8.71988049814 4.02976611626
3.37433568164 -0.572757237957 -20.3861412924 10.8887985658
4.84934607983 0.475069842179 -48.5161574019 33.1187730826
4.66220631722 3.09738867872 -46.7361677443 32.0873424754
4.02176656505 3.13242393956 -32.1746063037 20.0875400435
4.12504436661 0.475069842179 -33.0159910265 20.51581356
4.31894319815 2.43454974085 -34.6532703488 21.3774975562
3.35838529709 -1.38688352074 -20.2787518037 10.8452106153
4.64487510725 -3.14567655049 -46.574864762 31.995364333
4.35558237819 1.687647639 -34.9710978532 21.5487683404
4.64713189976 4.4581330124 -46.5958348937 32.0073072947
4.12837889957 2.84214455118 -33.0435123384 20.5299967401
2.64021521379 -1.50560033739 -15.9707363751 9.40987551997
4.65002582168 -3.54171970127 -46.6227401422 32.0226368555
3.13458084318 3.19370767292 -18.8255970624 10.2872736897
3.9894196412 -0.070446870539 -31.9154690736 19.9577905088
2.76130427787 -2.50986795659 -16.624801315 9.5795842035
4.35979515532 -0.134044896144 -35.0078137964 21.5686331751
2.59117087526 -1.29731647817 -15.7141665048 9.34948300376
4.49364595103 -3.01479815447 -36.1928539332 22.2182701291
1.49956139654 -0.902487653285 -3.248684382 1.25043879583
4.10702371018 -0.747460069893 -32.867643756 20.4395489152
4.67200331382 0.173393375048 -46.8276149644 32.1396017091
4.38116653342 -4.75827244105 -35.1946201936 21.6699540599
4.23456394096 -2.79426654517 -33.9315317701 20.9932760062
4.48343161016 0.387718676447 -36.101159003 22.1674325623
2.96897472882 0.850968916704 -17.8148109404 9.93891202509
3.48651205994 -0.588251729854 -21.1557663441 11.2097181044
3.72035032349 1.5906050301 -29.8410065295 18.9596052355
4.68134128093 -2.32835538623 -46.9149561886 32.1895910648
3.66968554752 0.147201569035 -29.4665920177 18.7878498276
2.81746935053 -2.98375928066 -16.9381335412 9.66825613906
3.84879410237 -3.35498504821 -30.8132160425 19.418039633
4.83125166213 2.34035623489 -48.3409926228 33.0159859743
3.953847549 -2.78504125551 -31.6329104407 19.8175202447
4.15622115359 3.44146231957 -33.2741742775 20.6492896632
3.20737532532 0.29936529879 -19.2872564775 10.4577551762
4.00430840917 -0.210979440034 -32.0344858357 20.0172521991
4.5825701697 -0.223506421766 -45.9999493602 31.6696686814
4.89946959876 4.2496512619 -49.0048023492 33.4069239541
4.55048582349 2.58080677327 -45.7069212298 31.5049779358
3.09515050311 -1.57456337806 -18.5799566369 10.1993546245
2.28185993989 -1.39697222278 -9.20688478526 4.07944502571
3.67302782722 3.22861522625 -29.4911334195 18.7990221106
4.46312412634 0.200614602413 -35.9194769671 22.0669804617
4.54161756212 -0.211028028279 -45.6262900805 31.4598198321
4.87499704932 -3.70556919918 -48.7655962309 33.2656080336
4.42462305662 -0.305503057701 -35.5772891932 21.8787969667
3.74921909089 -1.44593413101 -30.0566437915 19.0597674279
2.89981228815 -1.50249512346 -17.4089113065 9.80966215391
3.96912804875 -0.461795495426 -31.7539774674 19.8774652724
2.50930745857 -0.0420515388105 -15.2966239217 9.25939408736
3.89174152749 -3.48246105433 -31.1456521168 19.5786860068
4.08727539449 -1.99556001392 -32.7058201504 20.3567185725
2.8713480029 2.22616777225 -17.2446393537 9.75924734215
4.25279421482 0.540687537828 -34.0862586336 21.0750817743
4.2454722941 -1.38909678124 -34.024035 21.0421458236
4.50787333527 -0.601160406508 -45.3209220069 31.2894286658
2.45792523899 -0.260429241347 -10.0413964804 4.2096955245
3.23675595649 -4.04071480246 -19.4765891218 10.5295652959
4.16016913465 -0.361198085253 -33.3070072289 20.6663306903
2.84260794004 1.97400913038 -17.0804199008 9.70998814063
3.66104407205 4.45799930707 -29.4032436975 18.7590674093
4.19912201334 4.78472796264 -33.6326256829 20.8361376295
3.69307865591 -3.48246105433 -29.6388299587 18.8665153351
3.08863253055 -2.0644528994 -18.5396509088 10.1851207866
3.92517689823 -4.94147128657 -31.4070136824 19.7063060895
4.67923881013 4.55257722862 -46.8952758422 32.1783206017
3.45488764543 1.51829639601 -20.9362486425 11.1166980608
4.626075623 -2.95697085264 -46.4005756698 31.8962731777
4.5013555208 1.10416213898 -45.2622015246 31.2567794414
2.88856949841 0.293751243059 -17.3438337471 9.7895557535
2.853993135 1.07158902243 -17.1452768147 9.72930427464
4.67261520672 -0.75404744941 -46.8333328701 32.1428720432
2.6472950535 -0.768755531176 -16.0081711003 9.41899088629
3.22029287187 -3.57178172296 -19.3702861806 10.4891146931
2.19894093396 2.50943297229 -8.83534123105 4.03957749521
4.61137491968 -2.80789052784 -46.2647786498 31.8192789711
4.48498033208 -1.18638633196 -36.1150485791 22.1751272508
4.97013167245 -1.95999518387 -49.7022088415 33.8216821517
3.55821731467 0.146665611571 -28.6609104584 18.4280411997
4.94272724491 2.19405849399 -49.4305526176 33.6596436379
4.93875209474 -2.50986795659 -49.3912722533 33.6362638743
3.17017653682 4.73207860248 -19.0500192746 10.3693131273
4.72327518736 -1.83099073051 -47.3093284955 32.4162277461
4.73042810795 -4.13179037374 -47.3769500845 32.4552376527
3.26076838613 -4.5963798183 -19.632610468 10.5895369235
4.79428628455 0.540687537828 -47.9851809782 32.80803584
3.9843987578 -1.84042563821 -31.8754334612 19.93783843
2.68521589406 -4.89837505852 -16.2103843977 9.46952082147
4.56257541421 -0.344086774938 -45.8170944103 31.5667927535
3.78822254222 0.0682149357224 -30.3506300294 19.1977398605
4.28888467357 -3.06168862806 -34.3945317432 21.2389930489
3.06759036101 -4.54558020214 -18.410110623 10.1397491789
3.89694068788 -0.617011181455 -31.1861467249 19.5983839733
4.70704715925 -4.50707678439 -47.1562929594 32.3281043224
4.12983150667 2.74586067017 -33.0555082735 20.5361822468
2.74730844836 -2.78504125551 -16.5477037105 9.558469917
3.2322255422 3.58127872546 -19.4472819557 10.5183797869
2.63195777222 0.156617390661 -15.9272017148 9.39937062587
4.14193759918 -1.46883452637 -33.1556470755 20.5878966788
4.2014836087 -2.62372700774 -33.6524645142 20.8465300794
4.66371764521 -3.88696873228 -46.7502622742 32.0953916934
3.93644695838 1.62820989802 -31.4956146561 19.7498268226
3.49956076472 4.84797207237 -21.246925546 11.2486824871
2.49831760298 -1.12529845585 -10.2415908454 4.24832043344
3.00446583374 -0.766728747888 -18.0268149461 10.0089516112
4.19448663193 0.145251867178 -33.5937181054 20.8157715777
2.88185845081 -5.0 -17.3051081305 9.77767432726
3.87585533341 -2.23007405287 -31.0222545655 19.5188332319
2.74105208663 2.30375362612 -16.5133665416 9.5491581951
3.50591013377 2.37644618045 -28.2914058661 18.267765331
3.61823434705 -3.88577652101 -29.0916197902 18.618682402
3.63399154854 2.00216430634 -29.2058945749 18.6699283807
2.65482792552 2.80569198345 -16.0481113141 9.42879961205
4.31180198675 -3.60351853374 -34.5916363729 21.3444284259
4.21340507883 -2.68949070279 -33.7527823583 20.899162043
3.57794101093 -3.6091851473 -28.8016618777 18.489897834
3.94154065751 -0.184142078973 -31.5357427548 19.7695801248
4.22453980002 1.4307174868 -33.846736522 20.9485773219
4.16783930441 0.566633180138 -33.3708844674 20.6995272498
4.03938794293 0.528306485039 -32.3166549535 20.1591031818
3.66348433565 1.34028155398 -29.4211174776 18.767180135
4.4345829702 0.681881457286 -35.6655261196 21.9271942388
3.38895063761 -1.99904966359 -20.4849864242 10.9291838737
4.02450595663 1.42608104416 -32.1966481949 20.0986243684
4.72156300151 0.828957926841 -47.2931571772 32.4069051712
4.98449576708 -2.98406215296 -49.845198052 33.9072149837
3.85959786055 1.82382981686 -30.8964956451 19.4581042029
4.44793937098 1.86146640459 -35.7841646479 21.992407164
4.90210867241 -0.409365692751 -49.0306694361 33.4222347465
3.02952174139 1.08893675279 -18.1780019816 10.059915016
3.52618484562 0.174849598111 -28.4339795655 18.329240183
3.2803840059 -0.605475865607 -19.7609192261 10.6393832026
4.44719546887 3.13781012306 -35.7775475383 21.9887656628
4.50935707958 0.39725976057 -45.3343012711 31.2968729528
3.94934143726 -4.70330940954 -31.597297788 19.799932039
3.74625668107 4.96159982415 -30.0344391205 19.0494123962
4.28034799266 -3.82514123163 -34.3213789383 21.1999869676
2.44715380494 -0.469417167066 -9.98856174503 4.19994652527
3.55394921043 1.71706691283 -28.6305549903 18.4147581486
3.73709991432 -1.9166692238 -29.9659157696 19.0175161123
4.45337155451 0.10062273595 -35.8325182025 22.0190319845
4.45538436801 0.270597165827 -35.8504498667 22.0289123947
2.98914495038 -1.32344083442 -17.9349875344 9.97840773286
2.59745939222 0.158449808546 -15.7467952943 9.35695772536
3.64598519018 -3.98428312132 -29.293208007 18.7092672463
4.33799841344 -3.48675394025 -34.818230235 21.4662365813
3.04339583309 0.953712974557 -18.2622581969 10.0886748645
3.25232740768 1.17588973748 -19.5776335668 10.568323936
3.58006966446 -4.20521700627 -28.8168988024 18.4966201445
4.78459208589 -3.59536448767 -47.8923214284 32.7539530848
3.10811758735 0.457594409585 -18.6603949368 10.2279245874
3.22417152062 0.893330097323 -19.3952819944 10.4985959119
3.88658013279 -1.18638633196 -31.1055051286 19.5591845974
3.68991892495 2.38987130284 -29.6155016727 18.8558259729
3.63092644591 4.37562341583 -29.1836268556 18.659921072
3.2919808776 -1.84083892878 -19.8371380985 10.6692145881
3.71398492529 2.42940111778 -29.7936840253 18.9377443241
2.43526408939 3.4223111482 -9.93051118507 4.18945482751
3.97965259193 1.66253298179 -31.8376347525 19.9190243847
2.7064189324 -1.62348441372 -16.3247034376 9.49902770805
4.00240410523 1.02544675571 -32.0192386215 20.0096222006
3.95664176369 -1.37157901272 -31.6550140462 19.8284469914
2.60494102854 -1.14001646814 -15.7857177621 9.36595364801
4.29492738855 -0.0189664771556 -34.4464012729 21.2666917187
3.2568491473 0.114223316067 -19.6070663683 10.5796697791
4.68593600122 -4.86451947052 -46.9579962075 32.2142522026
4.37064798735 3.6014314883 -35.1025638293 21.6199718799
4.88520809737 -3.67461914561 -48.8652581546 33.3244257651
3.68330607585 -1.92782384684 -29.5667436484 18.833519345
4.38502282626 -2.82267913816 -35.2284251868 21.6883338818
4.56465907097 -0.349593675998 -45.8361124342 31.5774761503
3.10424509341 -2.04778637453 -18.6363376 10.2193572263
4.77840634884 -1.65606312737 -47.8331672347 32.7195418393
4.82230980995 1.93002855351 -48.2546719032 32.9654326633
4.30833500698 0.74339261255 -34.5617505324 21.3284105044
4.43237856235 0.496788575303 -35.6459797199 21.9164654706
3.24874620044 -0.712869676134 -19.5543518749 10.5593670731
4.80081796107 -0.100929475452 -48.0478530954 32.8445812511
4.92675455966 4.99954576337 -49.2729104912 33.5658922525
3.0333087115 -0.00412086032598 -18.2009617392 10.0677268933
4.37896771342 -2.17599810328 -35.1753582352 21.6594873815
3.84651577539 -0.341859761472 -30.7956836103 19.4096205088
2.3597398301 1.05119234393 -9.56837206577 4.12941274536
3.97668755589 2.64061799218 -31.8140439172 19.9072936936
4.23148418293 -1.26514137403 -33.9054583904 20.9795216587
3.27269757825 0.953712974557 -19.7105494387 10.6197591257
4.58057446163 -1.78413037834 -45.9816623985 31.659364552
4.98578733764 0.488072011035 -49.8580753762 33.9149260256
4.96940619777 -0.461795495426 -49.6949979585 33.8173731674
2.24358068016 -2.3290413745 -9.03365426841 4.05933154775
2.93175144539 0.969188149182 -17.5951665375 9.86816075598
4.96630090288 3.66090964728 -49.664144658 33.7989410464
3.31441753272 -2.69151817255 -19.9853635812 10.7276934503
4.92804661391 -0.300833997279 -49.2856434289 33.5734569733
4.20889012264 -3.1349113975 -33.7147560645 20.8791955739
2.67036068199 -4.75827244105 -16.1308261719 9.44938344396
4.24872227228 1.99402613961 -34.051640947 21.0567518579
4.76577658666 0.475069842179 -47.712626474 32.6495201273
3.6762212563 -0.631057816937 -29.5146027253 18.8097177001
4.5329196587 -4.6655115531 -45.5473606323 31.4156819975
2.47667585208 -4.98986625478 -10.1339232763 4.22721986796
3.0574130728 -4.36512238564 -18.3477746978 10.1181224065
3.6089194912 2.23012099333 -29.024299894 18.5886219292
4.06107843599 2.84214455118 -32.4923580633 20.2480443193
4.23332846938 -0.512038820564 -33.9210699297 20.9877560522
4.54479421711 4.9797279993 -45.6551544759 31.4759776074
4.6023162174 -2.90263323996 -46.181314565 31.7720496954
3.07157807706 1.08590330426 -18.4345918835 10.1482795752
4.64261606094 -0.094372620191 -46.5538838893 31.9834196456
4.33372025595 -3.40011264696 -34.7811312569 21.446250233
4.70552225823 -3.57178172296 -47.1419397227 32.3198506898
4.4907372304 -2.16223839238 -36.1667208725 22.2037719509
4.82127930499 -0.394968116981 -48.2447341367 32.9596169168
4.57862985543 -0.572757237957 -45.9638513531 31.6493319313
4.73551367403 1.91807713024 -47.425089757 32.4830350608
3.93362577747 -1.430440507 -31.4734117572 19.7389086473
3.66667146298 0.599639413423 -29.4444796174 18.7777937655
4.86533581742 0.0727984088177 -48.6714926162 33.2101493466
2.96392084285 -4.98986625478 -17.7848267627 9.92914339128
3.35622144126 -0.458896131681 -20.2642223628 10.8393365977
4.75301141146 -2.30027037843 -47.5911174775 32.5790718317
4.11124248735 2.68483422876 -32.9023147898 20.4573448404
3.91249842451 -4.50707678439 -31.3076439218 19.6576502237
4.45760475925 1.99402613961 -35.8702401897 22.0398211527
3.81641906659 -2.06029134734 -30.5650544918 19.2993782255
3.51907159866 -1.31045868069 -28.3838649165 18.3075785218
4.04123268534 3.2046945482 -32.331561617 20.1666308757
4.7578246728 -0.572757237957 -47.6368956171 32.6055969259
2.7138006938 -1.22473646869 -16.3647142056 9.50951143046
3.46513682902 -2.28739063763 -21.0071732438 11.1466259277
2.99449459971 -0.378677720594 -17.9669979077 9.98901950884
4.33021126403 -0.349765193637 -34.7507295911 21.429884535
2.42373967369 2.94737702889 -9.87451400582 4.17955531106
3.17896596438 0.229128057888 -19.1058246027 10.3899607452
4.39109933794 0.0644422576731 -35.2817533956 21.7173560439
4.57579801712 0.371651901562 -45.9379274935 31.634735425
2.99892062413 -0.692419895113 -17.9935249098 9.99784241331
4.78701046673 0.0601075774647 -47.9154692086 32.7674273416
4.52715927441 1.06759467666 -45.4951710959 31.3865339982
3.37827078525 -0.879649104134 -20.4127134985 10.8996303575
4.21794751994 -0.735273991204 -33.791081281 20.9192912012
3.61179018085 1.70202049867 -29.0450283105 18.5978675871
4.29100374384 -1.36954615309 -34.4127131296 21.2486981543
3.96402863525 -0.795318290362 -31.713523021 19.8574084801
4.2710413241 0.471480227586 -34.2417939922 21.1576286958
4.4671607285 -0.0562288368668 -35.9555249743 22.0868820603
3.96678613598 2.4685914261 -31.7353922486 19.8682477047
4.56867708653 1.97421770477 -45.872810321 31.5981019749
2.58297152297 0.31228878383 -15.6717418885 9.33985579659
4.43922218729 -0.448654340082 -35.7066936281 21.949804879
3.38553944102 2.75172043141 -20.4618773067 10.9197195426
3.4721257669 -0.820421165805 -21.0556573412 11.1671542736
3.9221984023 -0.122526971413 -31.383640307 19.6948466978
4.59603372486 2.24205631203 -46.123526 31.7393911006
3.29887944903 2.97118624654 -19.8826056193 10.6870878231
4.57243059308 -4.8614575922 -45.9071215285 31.6173991562
3.70221625355 -0.483446931051 -29.7064051881 18.8975401739
4.68204273608 -1.02105278288 -46.9215241825 32.1933532381
4.38325862845 -2.69540025639 -35.2129562039 21.6799216901
4.85641403958 -4.04671442378 -48.5847573239 33.1591011655
4.14685609398 -0.361019243971 -33.1964154642 20.6089910883
4.62217952954 0.607663982806 -46.3645436033 31.8758254851
4.16950576375 -4.91753424623 -33.3847783139 20.7067552589
4.71009869927 -2.03865369381 -47.1850297569 32.3446349598
4.86103085678 -3.4146583313 -48.6296209906 33.1854975634
3.63964544837 -0.671631163487 -29.2470189898 18.6884371963
3.79957531414 -0.718332578036 -30.4367725678 19.2384713113
2.69201011171 -1.87973841373 -16.2469184415 9.47887799471
4.21510367154 0.521170108731 -33.7670989618 20.9066842757
3.68818953851 2.9518335198 -29.602742072 18.849983918
4.57455401044 3.6008837557 -45.9265443944 31.6283283527
2.98370000865 0.963959154432 -17.9024657416 9.96766570703
3.52952974248 -1.55105765535 -28.4575802031 18.3394612331
4.65781742189 -2.37662835353 -46.6952631357 32.0639934481
3.56815747284 -0.377654645717 -28.731747751 18.4591178596
3.70874209628 0.420166200098 -29.7547679367 18.9197995516
4.55235625579 0.331907042233 -45.7239474796 31.5145224565
3.95856076346 5.0 -31.670203318 19.8359602642
3.82458741981 0.570814813569 -30.6274689318 19.3291192525
4.05896903137 2.85503871926 -32.4752295977 20.2393534722
2.67728814551 2.92487856618 -16.1678718141 9.45871923205
4.80884873839 1.85474978692 -48.1250261887 32.8896312352
4.99762069126 -0.342413630836 -49.9762125738 33.9857298087
3.19548403457 -1.29829752565 -19.2111182152 10.4291820769
2.54474527879 -0.616574362911 -15.4757285339 9.29674741876
3.69953547321 -1.2226248945 -29.6865627175 18.8884208247
3.48311118135 -0.646512674729 -21.1320635017 11.1996187762
4.49518481769 -4.42979647484 -36.2066865452 22.2259472744
4.3578034335 2.04120575173 -34.990450765 21.559237031
3.13127841561 -1.35933849842 -18.804904516 10.2797908536
3.21640459406 0.369736609134 -19.3452585127 10.4796401364
4.54900430063 -0.376633201832 -45.6934401272 31.4974229246
4.75427121718 -0.708411517379 -47.6030948065 32.5860099378
3.45915376503 0.938939518984 -20.9657447701 11.12912971
3.54205142051 0.0916723355562 -28.5461282655 18.3779225835
4.95036071022 0.604996908509 -49.5060711613 33.7046283204
4.79949887884 1.22015551697 -48.035189488 32.8371939726
4.17900169819 -1.54100833232 -33.4640551935 20.7480484007
3.16166769453 0.63998668364 -18.9961426106 10.3494718325
3.49640807743 -4.37378752939 -21.2248694439 11.2392371342
3.47598374315 1.31072222061 -21.0824629827 11.1785280101
4.47178843018 0.865511213943 -35.9968917643 22.1097380436
3.08519343618 -5.0 -18.5184185386 10.1776447939
4.81709851191 -2.01029355452 -48.2044380734 32.9360440258
3.89936890599 2.64828917738 -31.205077865 19.607602241
3.8569967713 -0.770058880542 -30.8764240938 19.4484370086
3.11671984729 -0.0315277350326 -18.7139426065 10.2470632173
4.89279145492 -2.89329349166 -48.9394082213 33.3682424016
3.1743789031 1.98567815339 -19.0766814204 10.379165808
3.78248154425 -0.811067453131 -30.3071666326 19.1772404556
4.80512449857 4.37562341583 -48.0892214468 32.8687234525
3.83804910423 4.79296100512 -30.7306209265 19.3784245096
3.40262484429 0.0151937570725 -20.577855831 10.9673564538
3.90748890063 -1.11749767692 -31.2684695085 19.638513906
3.83300253981 -2.85205506349 -30.6919084702 19.359898311
4.40523128251 2.27912717172 -35.4060626524 21.7851375224
3.024494772 -2.00344235419 -18.1475686258 10.0495895378
4.37683571765 -0.0302494196298 -35.1566908993 21.6493480287
3.77064874991 1.11482041224 -30.2177919952 19.1351969956
3.1571232536 2.11586485236 -18.9674272384 10.338934224
3.61479161347 5.0 -29.0667184088 18.6075519549
4.51514578415 0.356768262226 -45.3865414521 31.3259583155
4.25500241647 2.46573092785 -34.1050455642 21.0850358983
3.98172543436 -0.853890887623 -31.8541374347 19.9272356972
4.70132769462 -1.66928342123 -47.1024820922 32.2971713137
4.82479682852 -0.979872332768 -48.2786644365 32.9794771224
3.33383476069 -1.31031248637 -20.1144542116 10.7791151688
4.09487687062 -4.11046338041 -32.7680165855 20.388509103
4.41949740668 0.412869278975 -35.5319573276 21.8539677009
4.07972028683 -0.11887756228 -32.6441176188 20.3252364715
3.44132746774 -1.31946334431 -20.8427347402 11.0774248692
4.65370320223 -3.56458780918 -46.6569534945 32.0421406855
2.787050904 4.52331423748 -16.7676527415 9.61944912549
4.2196485712 -3.12413355109 -33.8054340645 20.9268397796
4.87904231063 -2.36683193803 -48.805053869 33.2888846264
4.01936379927 -0.108751511672 -32.1552853509 20.0778301538
4.61313064414 2.92304285439 -46.2809743399 31.8284517634
3.90484617693 -1.79376808905 -31.2478236655 19.6284389578
3.33738262278 -1.59094816766 -20.1381227708 10.7885922797
2.53719749459 -0.518453110983 -15.4373711266 9.28858114819
4.17685437574 1.16823543777 -33.4461124761 20.7386949732
3.07643013531 -1.49218863898 -18.4644223774 10.1587018362
4.12103866854 2.79997495305 -32.9829597076 20.4988050335
4.71473140934 -1.80213508642 -47.2286922623 32.3697666249
4.35267573365 -1.09714539064 -34.9457860423 21.5350831077
2.94323794641 -1.18259120059 -17.6626496092 9.88969782354
4.88387017129 -0.148897093364 -48.85218785 33.3167071648
4.58977461605 -2.60268816925 -46.0660310262 31.706932562
4.78819546852 -4.89298099973 -47.9268158448 32.7740339707
4.61857774563 0.347562063782 -46.3312603925 31.8569494099
4.09952194538 -4.6176926185 -32.8060801806 20.4079923991
3.39582348678 1.03819844957 -20.5316171534 10.9483232062
4.84542955725 0.894291403427 -48.4781875943 33.0964693653
4.71786403169 -0.708998670201 -47.2582410215 32.3867848948
3.32620955619 -1.47515459015 -20.0636700117 10.7588317869
3.80828676827 1.59754673651 -30.5030481094 19.2699010363
4.14409807452 -3.80678966381 -33.1735488513 20.5971565532
3.29586339921 -2.79245596473 -19.8627155462 10.6792619494
3.97437175209 -0.606515825915 -31.7956308238 19.8981438154
4.47727774914 0.475069842179 -36.0460160429 22.1369050464
4.06508608176 -1.29307528286 -32.5249248521 20.2645805251
4.46939313387 -1.85036379231 -35.9754749851 22.0979024496
2.90495103362 1.76630284521 -17.4387405077 9.81893637325
3.65187209529 1.7507378953 -29.3361698004 18.7286814192
4.18775907111 2.47588046605 -33.5373260377 20.7862897532
4.74365746103 -5.0 -47.5022861076 32.5276562635
4.15397907413 0.393590037584 -33.2555421483 20.6396258518
4.99144503698 0.2872112398 -49.9145235572 33.9487434093
4.95790828441 -1.2562718947 -49.5808545566 33.749221419
4.43006884483 1.67536450418 -35.6255099699 21.9052345906
3.79687881784 -1.09067199842 -30.4162887574 19.228773486
4.8034277133 -0.0186793903218 -48.0729177969 32.8592069437
3.01416177113 2.65918997261 -18.0851711825 10.028524098
3.7542809329 1.94772577573 -30.0946253231 19.0775015915
3.54588752764 3.68224121997 -28.5733183586 18.3897682481
4.0368875053 2.48567802066 -32.2964607305 20.1489107093
3.53905556748 1.48434593928 -28.5249143097 18.3686920398
4.75036752053 1.91392158108 -47.5659915801 32.564521498
3.60595314308 0.105686388294 -29.0028980701 18.5790854978
3.59644633919 1.40058812156 -28.9344262707 18.5486409139
4.67512428827 0.829351744856 -46.8567871107 32.1562899577
3.47955002682 -1.29069217589 -21.1072683891 11.1890682819
3.82055643901 -0.456451541092 -30.5966515036 19.3144257476
4.81397483638 -3.14571228896 -48.1743537253 32.9184543798
4.44094344811 0.444077267419 -35.7219787093 21.9582049169
2.41207216173 -1.39896440251 -9.81809211341 4.16980346648
4.55701917515 3.18956030179 -45.7664237626 31.5383470621
2.89432630684 -0.490170509917 -17.3771247705 9.7998195431
4.36790509302 -2.10311312728 -35.0785949016 21.6069745295
4.57087724427 -2.86817510677 -45.8929187822 31.6094098051
4.81925650572 -0.281745402216 -48.2252332679 32.948207245
4.19313379883 -1.67762298147 -33.5823710549 20.8098358596
4.73407059253 1.02204183017 -47.4114243751 32.475142005
4.33232799339 4.45282147742 -34.7690658423 21.4397538687
4.15810149826 0.809391313316 -33.2898080699 20.6574020768
3.36261686165 -5.0 -20.3071921582 10.8567247117
4.13307129998 -0.481176542835 -33.0822783707 20.5499931708
4.8257769407 -0.483207139017 -48.2881230814 32.9850153186
2.71926456753 2.91433382389 -16.3943997882 9.51734151811
4.53763340551 -0.636488581454 -45.5901169228 31.4395833007
2.84848527195 2.36912697692 -17.1138683445 9.71992725672
3.05223776441 5.0 -18.3161553705 10.1072043128
3.44840778559 -2.44444146261 -20.8915162557 11.0978851134
3.35271935938 0.574371240643 -20.2407271028 10.8298496652
4.41622700131 -0.989814994223 -35.5030609271 21.8381529218
2.79328265817 -0.520862315951 -16.8024280085 9.62929737576
4.86268004768 2.89857827127 -48.6456572461 33.1949370554
3.20308471402 1.20369978819 -19.2597516852 10.4474128291
4.07344877769 -0.441431986457 -32.5929849445 20.2991898337
3.98722271275 -0.0539153582464 -31.897944961 19.9490541101
4.5918152922 -3.49705352349 -46.0847676777 31.7175065089
4.31700052218 3.15438281699 -34.6364935085 21.3684914198
4.75619312327 0.526270062783 -47.6213730258 32.5966005328
4.71251420895 -1.39180375774 -47.2077901695 32.3577333337
4.52344083036 -1.18623545873 -45.4615169458 31.3677536243
4.66507663713 1.49333932867 -46.7629400303 32.1026334818
4.39504035794 -3.4280565084 -35.3163797479 21.7362183162
4.31014614833 2.5613822331 -34.57735982 21.3367752266
4.92171953562 5.0 -49.2233231873 33.5364450448
3.57432625248 0.199828685346 -28.7758081592 18.4785031493
2.34581207137 0.261005738909 -9.50283427419 4.11958598871
3.75196890715 -2.38174349981 -30.0772706802 19.0693950516
4.03181072685 0.419686013108 -32.2554977372 20.1282548298
4.20417831225 -1.49767070269 -33.6751152812 20.8584020322
4.05601323682 -0.458896131681 -32.4512433773 20.22719043
4.40151865803 -1.78871051642 -35.373366497 21.7672918649
3.30702709715 1.65857965243 -19.9364282213 10.7083198327
3.13992455525 0.0901384078528 -18.8591262127 10.2994279917
2.97186281249 -0.397918020626 -17.8319685763 9.9445173263
4.5590062721 -0.203296908047 -45.784538189 31.5485131006
3.54828102157 0.489389204696 -28.590298208 18.3971741217
3.36990692302 3.53841694765 -20.3562726698 10.8766449777
4.27369332552 0.728101559595 -34.2644546406 21.1696813385
3.53620689448 -0.592383875316 -28.5047592006 18.3599316226
4.62999282409 5.0 -46.4368335512 31.9168622548
3.12194492085 2.48567802066 -18.7465400888 10.2587604054
3.12631169451 4.41800060645 -18.7738248113 10.2685780332
3.40524207214 -1.79471261632 -20.5956735699 10.9747052813
4.95286690199 -2.44537706741 -49.5308905488 33.7194229408
3.71699568193 1.11476268822 -29.8160568995 18.9480741718
4.96128392708 -0.467097711029 -49.6143382051 33.7692024968
4.3937009847 -0.664292999255 -35.3046083429 21.7298044041
3.06231995822 -1.07189165419 -18.3778035265 10.1285236936
4.37224030465 0.656498498359 -35.1164852816 21.627524063
4.11882918916 -0.265548002834 -32.9647538895 20.4894371328
2.52817935987 1.08389169533 -15.3916908757 9.2789734362
3.93116387002 0.929745858589 -31.454049373 19.7293938929
4.93974067647 -1.47025485774 -49.4010379508 33.6420752449
4.97925631047 4.0639188732 -49.7929934054 33.8759681635
4.06287859843 4.86591067636 -32.5069825056 20.2554681119
4.1718599584 1.59653856443 -33.4044155125 20.7169756789
4.79563655185 -2.53978690676 -47.9981299375 32.8155837301
4.1743862077 -0.149999915572 -33.425500211 20.7279553802
4.59739437995 2.9560371305 -46.1360350848 31.746457565
3.75720884961 -1.80468551117 -30.1166183396 19.0877829412
4.93724140032 -1.03229912771 -49.3763526451 33.6273870438
3.26440549367 -1.63880035019 -19.6563432271 10.5987212524
3.85448001697 2.10881272314 -30.8570162013 19.4390961334
3.99493680057 1.90117735108 -31.9595200406 19.9797728383
3.84083498166 -0.128332569943 -30.7520133563 19.3886734297
3.8834853322 -2.74962616493 -31.0814583254 19.5475169966
4.70921675795 0.0878224227386 -47.1767224734 32.3398554416
4.84404082168 -0.990279001833 -48.4647314821 33.0885681954
4.85829244774 1.99944281912 -48.6030055077 33.1698357168
4.90477870381 -0.672566380428 -49.0568541333 33.4377393181
4.0920094338 -0.125225386672 -32.7445412063 20.3765034711
3.18310950252 -3.53614599113 -19.132186105 10.399748095
4.88138155081 -0.87299265206 -48.8278858445 33.3023596413
4.65999395993 -3.62935261557 -46.7155437066 32.0755678669
4.10455186502 -0.460515683233 -32.8473460127 20.4291385526
3.83570010752 -1.6576721719 -30.7125953148 19.3697948847
4.98247615647 2.30555281863 -49.8250686498 33.8951640239
4.65632947597 0.33567424964 -46.6814041888 32.0560862849
4.88727376196 2.81813343157 -48.8854448243 33.3363497765
4.87401726276 -1.51686899651 -48.7560442777 33.2599752266
4.38929987562 -1.07935026717 -35.2659533981 21.7087538957
4.83495575692 0.814709341356 -48.3767971714 33.0369741437
2.77321208889 -0.728207633974 -16.69070529 9.59785693441
4.36315998714 -0.942103006236 -35.0371650734 21.5845251248
3.99682276476 -0.125597103751 -31.9745922129 19.9873011539
3.43168701125 1.06148946587 -20.7764757432 11.0497276982
3.85125790905 -0.347951504302 -30.832187482 19.4271558458
4.99258231668 -0.972057080961 -49.9258781888 33.9555489221
3.15293676618 0.934857218538 -18.9410102515 10.3292631868
3.92768759189 -1.8966918907 -31.4267298195 19.7159794519
3.71171912931 -1.7594957978 -29.7768588949 18.9299823776
4.02933969155 5.0 -32.2355783499 20.1182195837
4.63589141102 -3.33244956052 -46.4914891747 31.9479235307
4.67015573876 -1.3750187867 -46.8103546242 32.1297316692
4.18395654549 0.694450919375 -33.5054923746 20.7696661926
4.44529658021 -0.007139949758 -35.760661686 21.9794753652
4.77377102049 -2.05190841675 -47.788889756 32.6938056741
4.76890150533 -2.60717084368 -47.7424215675 32.6668155462
2.9263602758 -1.61456305094 -17.5635844638 9.85814336058
3.7346493404 -4.82128309279 -29.9476056958 19.0090083342
3.56170082125 3.54506284212 -28.6857127401 18.4389094551
2.83634807138 -1.96360509507 -17.044870382 9.69947809651
2.92091920205 2.44780820734 -17.5317689849 9.84809217671
3.7657987161 -2.79604581902 -30.1812399702 19.1180451058
3.77974407706 0.752790531537 -30.2864652881 19.1674889798
4.51162506405 -0.349196003433 -45.3547607186 31.3082604624
3.87821748613 -3.4223586854 -31.0405708697 19.5277009252
4.34186291993 0.614530168169 -34.8517736154 21.4843219357
4.37439483993 -0.0326488958018 -35.1353302156 21.6377508559
4.59983397195 -1.42021559743 -46.1584725695 31.7591366817
3.72227100367 -1.2970790988 -29.8553014248 18.9662174101
4.16552669571 -0.361622097089 -33.3516126527 20.6895058698
3.62135387608 0.437596448634 -29.1142038958 18.6287883915
4.47953095263 1.97327771747 -36.0661975556 22.1480737451
4.8069514741 1.08307559683 -48.1067824743 32.8789765779
4.1235628316 0.343587078038 -33.0037704261 20.5095190997
3.53288232885 -2.68520331419 -28.4812575495 18.3497282341
3.50962296924 0.883633891276 -28.3174533862 18.2789615093
4.98141709248 3.66972820101 -49.8145162492 33.8888478793
4.24201300652 -1.78512397724 -33.9946743475 21.0266223214
4.23972512095 3.10598287292 -33.9752691012 21.0163686174
4.47373755882 -0.585896064399 -36.0143277452 22.1193775099
4.18508325866 -1.17909640229 -33.5149218819 20.7745888473
3.38185712301 1.04634502326 -20.4369576004 10.9095291084
4.23822511002 -1.11680393841 -33.9625520832 21.0096516431
2.79953527671 -1.11426591228 -16.8373977655 9.6392566587
4.93173381846 -1.21059036971 -49.3219984562 33.5950631823
3.59960483163 -4.53117984161 -28.9571549439 18.5587356174
3.81356143434 2.66971795346 -30.5432508135 19.2890050761
4.48041746845 2.27959744215 -36.0741406916 22.1524708178
3.5031843627 -1.49383370535 -28.2723006791 18.2595632283
2.3155534258 0.00925888766672 -9.36178766774 4.09957396453
3.04840701292 2.65872649867 -18.2927853164 10.0991572647
4.349417108 1.9316300329 -34.9174291793 21.5197607474
3.08015641946 -0.601086620788 -18.4873635684 10.1667378905
4.62078040638 -0.660538223979 -46.351611564 31.8684899385
3.62385530055 0.868249783173 -29.1323272393 18.6369060371
3.19087990625 0.203833437399 -19.1817145761 10.4181949511
4.72685327533 -2.81979691889 -47.3431418865 32.4357287852
4.09644564121 -0.905362571878 -32.7808668914 20.3950843266
3.18705914657 -1.12046837087 -19.1573460038 10.4091094175
4.78193896877 3.06193532043 -47.866940301 32.739184426
3.42061427966 -1.1974966719 -20.7006020502 11.0181449316
3.69690451612 0.19712584395 -29.6671030013 18.8794849368
4.40961724747 2.11519270952 -35.4447242692 21.8062552793
4.07723449676 -0.814079494878 -32.6238411416 20.3149031546
4.42275455541 -4.22464918847 -35.5607578574 21.8697396358
4.16129933102 1.76807052826 -33.3164121224 20.6712147983
4.108636146 -0.763377533589 -32.8808909802 20.4463463962
4.29745287253 -1.93983729871 -34.4681011916 21.2782897015
3.01916341372 -2.0986768349 -18.1153477187 10.0386940639
4.34671022828 1.71154335538 -34.8938898086 21.5070488955
3.65479283718 4.7930096046 -29.3575106827 18.738339334
3.22879245991 -2.67591972942 -19.4251007492 10.5099309095
3.303532289 -1.21820309317 -19.9133255845 10.6991964285
4.53960865164 -1.82722747357 -45.60804671 31.4496121035
3.93894068489 1.69562221962 -31.5152537191 19.7594909795
3.9441075082 -1.13812775363 -31.5559840362 19.7795540034
3.14885346517 -2.40221983187 -18.9152781451 10.3198642844
3.43809947662 1.41934905905 -20.8205280111 11.0681301046
4.50256457851 -0.850462800627 -45.2730877836 31.2628294696
3.73173416882 -0.200880402453 -29.9258399067 18.9989032315
2.73473674186 -3.07705386146 -16.4787850473 9.53983807984
4.44317894264 -3.13300216529 -35.7418391163 21.9691233457
2.95391318021 -2.99602211769 -17.7256030762 9.90995035538
2.93801059207 0.0664692997563 -17.6319062391 9.87986387083
3.34902836625 -0.908656997427 -20.215990998 10.819877533
3.03899522732 0.804479487297 -18.2354919917 10.0795110824
4.60954896451 -0.747560857735 -46.2479416562 31.8097457982
4.0893456744 -4.11046338041 -32.7227480447 20.3653653471
4.66804957084 2.40644052852 -46.7906867959 32.1184885125
3.41748649178 1.00331473177 -20.6792139215 11.0092679544
4.76718770232 -2.98843737043 -47.7260785891 32.6573277799
4.08306955608 3.28262371466 -32.6714569998 20.3391787755
2.29951523804 -2.52401395781 -9.28777033 4.08970937782
4.51372616789 1.14574708251 -45.3737239187 31.3188192471
4.6055797484 -2.79969319657 -46.2113648188 31.7890458253
2.97664884549 -3.76815233155 -17.8604383493 9.95384296739
4.60150350868 -1.6488798629 -46.1738345404 31.7678205057
3.90976760216 0.445672625409 -31.2862827029 19.6472122943
4.41384037736 1.90992276511 -35.4819868768 21.8266253674
4.32159325169 -2.30971897756 -34.6761682331 21.3897952263
4.00665908592 4.69394066745 -32.0533170308 20.0266806871
4.68468272247 0.48270084556 -46.9462522102 32.2075213203
4.91326214961 0.747994914489 -49.1401449508 33.4870963523
3.728715366 0.101319685978 -29.9033182806 18.9884568166
3.34162032021 0.53080406593 -20.1664263645 10.7999450836
4.98941641558 0.0431333687967 -49.894276168 33.9366105057
4.08502129855 3.19551727383 -32.6873990096 20.3473138154
3.86813261755 -3.55135767896 -30.962449947 19.4899194768
3.70584691291 1.12561801878 -29.7333013419 18.9099136903
3.8301464857 -2.98262837102 -30.6700221019 19.3494361591
3.78596554366 -2.52233537794 -30.3335350978 19.1896729231
4.07595921566 1.5607117133 -32.6134435277 20.3096066651
4.25701445378 0.124028335017 -34.1221720597 21.0941142446
4.48993268132 1.00105222014 -36.1594954828 22.1997647575
4.53114670536 0.3310894927 -45.5312904655 31.4067036441
3.62709530396 2.36557928551 -29.155820344 18.6474391282
3.51310809091 -0.029241531808 -28.3419284584 18.2894960948
4.94507435196 -1.49420451954 -49.4537603464 33.6734629386
4.11395998531 -2.90949158568 -32.9246667608 20.4688268195
4.89815093981 -0.944589624074 -48.9918826292 33.3992788699
4.01432331496 -3.81032887627 -32.114791677 20.0574984172
3.45128492834 1.46190338392 -20.9113676566 11.1062279432
3.94656283085 -3.89757991901 -31.5753581778 19.7891068544
4.39994802059 -0.00368049550624 -35.3595425839 21.7597505016
3.43453230783 -2.12100092777 -20.7960121735 11.0578829422
3.99960398667 -1.68518456418 -31.9968320502 19.9984161035
4.81462795629 -1.07898465871 -48.1806423575 32.9221305323
4.0091769712 0.38977130718 -32.0734999864 20.0367921016
4.82952436459 0.373933812517 -48.3243055882 33.0062081298
4.01194466328 -2.42435789707 -32.0956999812 20.0479213281
4.22687833719 1.25036254191 -33.8665004774 20.9589871287
2.69894749142 1.72317841542 -16.2843175614 9.48852759576
4.74871434719 -0.0656466902628 -47.5502879512 32.5554305625
4.28432735028 3.68740987938 -34.3554608444 21.2181514432
4.05336272087 4.83670622172 -32.429749347 20.2162984635
4.29329583146 1.6562293037 -34.4323890964 21.2592057706
3.76898247361 2.10954380702 -30.2052288864 19.1292989919
3.75989208504 -1.85178307329 -30.1367884911 19.097220151
4.82766092547 1.57338755229 -48.3063100113 32.9956663094
4.43639477125 2.53533214739 -35.6815985663 21.9360194814
4.60724305534 2.13498451545 -46.226688571 31.7977163496
2.83019951872 1.51295321548 -17.0100293158 9.68923124089
3.44494163672 -1.43852861391 -20.8676228804 11.0878563335
3.99176971848 2.92240496127 -31.9342254853 19.9671466114
4.89564592431 0.0376766756783 -48.9673490162 33.384765319
2.94738568179 -1.90030598475 -17.6870823572 9.89753963006
4.19710771685 2.73504016716 -33.6157131868 20.8272823194
2.56505742454 -3.74295887023 -15.5795195912 9.31928989302
4.91707020488 -0.408652384376 -49.1775793997 33.5092985802
4.46153148043 -2.01256662808 -35.9052631509 22.0591372292
4.7622184737 2.81375759649 -47.6787247913 32.6298508965
4.77243748439 1.73876794237 -47.7761595424 32.6864096048
4.6873397068 0.987105757889 -46.9711535269 32.2217946997
3.24452067109 1.87940632199 -19.5269143852 10.5488317008
4.47558850146 -0.884611900586 -36.0308924344 22.1285384285
4.50532619649 2.06981950358 -45.2979641368 31.2766593508
3.74024921779 -0.0236621652266 -29.9894642112 19.02846734
3.42452284425 -1.5349458334 -20.7273567108 11.0292653338
4.04633559152 -0.410894432797 -32.3728317192 20.1874893531
3.58960627202 -0.324388840662 -28.8852731881 18.5268481
4.13766146678 -1.20585803504 -33.1202424137 20.5695965466
4.69787913534 3.13940903038 -47.0700683703 32.2785518289
4.41847010276 -1.3010133118 -35.522878049 21.8489976379
3.80537977233 -0.300870232933 -30.4809152117 19.2593961223
4.9187736993 3.50585662707 -49.194334705 33.5192399078
4.56657477487 -0.685566492316 -45.8536051745 31.587306075
4.18170043941 -1.53402119672 -33.486618565 20.7598168073
3.95177518392 -1.59258849281 -31.6165271043 19.8094263686
4.1161895043 -1.11884044061 -32.9430160353 20.4782580181
3.27633816537 -0.474321605057 -19.7343917738 10.6290391124
4.58424146759 -3.27309703134 -46.0152698332 31.6783039628
3.76309898413 -3.72529099961 -30.1609139644 19.1085180278
4.71949068494 0.0577130451346 -47.2735923252 32.3956295855
4.83291138049 3.90411642013 -48.3570324117 33.0253868897
4.92388335035 0.620423500592 -49.2446272478 33.5490938464
4.73192511378 3.64128012094 -47.3911152825 32.4634148273
4.5543849618 -0.588389481546 -45.7424223803 31.5248825331
4.05172182553 2.75940300285 -32.4164497515 20.2095624494
4.65256896661 1.65719331528 -46.6463979891 32.0361221226
4.04435860215 -0.122366680757 -32.3568365028 20.1794020942
4.85121559532 -0.190527457284 -48.5342927523 33.129430371
4.10181141876 -2.14294818998 -32.824856915 20.41761124
4.51789806779 0.358449774413 -45.4114029509 31.3398106798
4.8100731976 -1.81266947123 -48.1368041663 32.8965113759
2.91640324736 -1.01295807242 -17.5054079012 9.83979491177
2.22279154639 -1.83237604277 -8.94080225871 4.04963607314
3.79155812536 -4.5182067416 -30.375913018 19.2096805165
4.67706987906 -0.289966431877 -46.8749826537 32.1667031374
4.86879513146 5.0 -48.7051660321 33.2299855063
4.99981027689 0.959023364227 -49.9981028049 33.9988616973
2.55672614264 -1.97506254012 -15.5368485684 9.3099439979
3.55234359115 -1.39363310536 -28.6191449896 18.409770625
3.72616193014 1.33645075958 -29.8842827296 18.9796350091
4.2990713859 -0.317631469317 -34.4820147811 21.2857292375
2.72788941365 -1.53206412289 -16.4413806531 9.52982299851
3.86227019155 -0.0826174839574 -30.9171310325 19.4680502663
4.22888522583 1.12652697202 -33.8834702532 20.9679293499
4.70330129695 -2.44269734177 -47.1210430899 32.3078379021
3.09929512361 -2.05030333236 -18.6056302632 10.2084497688
3.79415152629 -1.83105252618 -30.3955858045 19.2189796993
4.87104206909 -4.36508681028 -48.7270508388 33.2428825625
3.88940060158 -0.799491970224 -31.1274370396 19.5698346333
4.89128279909 3.44797657814 -48.9246474207 33.3595162243
3.5164926681 -1.40912556958 -28.3657206848 18.2997500124
4.26446554109 3.10245267121 -34.1856663511 21.1278041868
4.58833579818 2.34497002466 -46.0528253968 31.6994822041
3.8726403961 2.83652694401 -30.9973436375 19.5067820531
2.14115945279 0.524284575296 -8.58456380227 4.01992599111
4.35126436461 -0.830850061119 -34.9335015707 21.5284441123
3.77759090639 -0.774544554776 -30.270193056 19.1598294305
4.96729406363 3.14808694782 -49.6740103146 33.8048340601
4.61501834717 -2.78754378023 -46.2983943447 31.838320956
4.74555644467 0.943640330967 -47.5203059696 32.5380801909
3.41231823356 1.03587777754 -20.6439157271 10.9946427928
4.54336725415 1.99402613961 -45.6421860061 31.4687169895
4.88942391446 -0.16644825304 -48.9064662153 33.3487705574
4.9638609961 -1.41512158597 -49.6399159886 33.7844720042
4.97195286165 -1.47025485774 -49.7203152585 33.8325038119
4.42655951778 -0.617119071304 -35.5944291645 21.8881910933
3.52302626378 -1.33894618002 -28.4117140553 18.3196090002
4.32319770298 -0.96099427819 -34.690038379 21.3972475671
3.68166802628 -0.762116888319 -29.5546794557 18.8280073506
4.13526723411 -0.648758834622 -33.1004350975 20.5593661611
4.76029775646 -0.803228528957 -47.6604347302 32.6192437043
3.97179047662 -1.15661821228 -31.7751195902 19.8879576837
4.8643876947 -4.21376164147 -48.6622676443 33.2047168655
2.95899770911 -1.82846084869 -17.7556674425 9.91967660607
3.80199991102 -0.920712277247 -30.4552033234 19.2472036793
4.84727069468 -0.717500880786 -48.4960331875 33.1069504088
4.92511103869 -4.45940017508 -49.2567187434 33.5562745887
4.52564920243 -0.0826174839574 -45.4815007035 31.3789038937
4.02706441098 -0.600594330842 -32.2172477701 20.1089901262
4.03459600654 -1.99311297849 -32.277964936 20.1395809098
4.83674813274 -0.439815987864 -48.3941324996 33.0471399686
4.54739707603 -4.69368066231 -45.678820167 31.4892318629
3.4692677598 -1.33140789554 -21.0358187892 11.15874775
4.56124250499 0.607421854211 -45.8049331893 31.5599631694
2.75478915745 3.66474179419 -16.588863302 9.5697066722
4.42888139115 -0.460515683233 -35.6149903768 21.8994648123
2.87707771353 2.6963035792 -17.2775761697 9.76926531557
3.58718931496 -1.35718451462 -28.8679271814 18.5191699215
4.63374856104 -1.91991623236 -46.4716257269 31.9366314828
4.7288037681 3.52593158645 -47.3615850772 32.4463700048
4.28197591803 4.36226513225 -34.3353177626 21.2074140905
4.61693001793 -3.72848495233 -46.3160427905 31.8483227187
3.63618387834 5.0 -29.2218331971 18.6770976837
3.28816602 0.908371008372 -19.8120357751 10.6593716951
3.57114419767 -1.38669726181 -28.7530708806 18.4684940899
4.41094220835 -3.89151579442 -35.4564111654 21.812642332
3.60190278585 -0.435485016981 -28.9737036787 18.5660925353
2.26417308377 -1.83018319701 -9.12647975326 4.06978741819
4.86946880582 -2.7348239668 -48.7117264508 33.2338512275
4.74008212558 -0.435485016981 -47.4683785573 32.5080500549
4.30607194298 1.68545470263 -34.5422555781 21.3179678062
4.90560632663 -0.489541184038 -49.0649734318 33.4425481253
2.33141957022 -0.627190376479 -9.43551721239 4.10983893152
2.09970840185 0.0601075774647 -8.40877537282 4.0099417654
4.14872313364 2.36557928551 -33.2119036396 20.617011105
4.85402937509 2.37644618045 -48.5616011743 33.1454836739
4.3620205413 -0.347951504302 -35.0272232027 21.5791410375
2.62433190775 1.08177534213 -15.887117962 9.38979033103
4.31480668004 -3.63564831871 -34.6175566861 21.3583299659
3.42788966802 -4.21376164147 -20.7504275761 11.038868904
4.33632819665 -1.27313612408 -34.8037422291 21.4584294425
4.24448496877 -0.454056997656 -34.0156526501 21.037712775
2.81169006317 3.04895498046 -16.9056010113 9.65884075865
4.22199717006 -1.27313868987 -33.825260104 20.9372714238
4.97624625684 1.91427209808 -49.7630268087 33.8580417814
3.31765469124 1.79473192822 -20.0068326503 10.7362138854
3.23983603582 -1.32479248017 -19.496537539 10.5371933957
3.21177142398 1.68545470263 -19.3154756799 10.468389984
4.26199743973 3.47495910909 -34.1646221762 21.1166324173
4.27804317076 1.08590330426 -34.3016533709 21.1894806878
2.76729612094 1.95417272089 -16.6579278209 9.5887433372
4.64149213853 3.78707737866 -46.5434492721 31.9774807179
4.3445385665 2.85503871926 -34.8750153558 21.4968610898
4.20616682368 -1.39949734006 -33.6918393486 20.8671720539
4.38672179575 -4.37830245806 -35.2433281133 21.6964409303
4.32805767966 -0.192641230578 -34.7320832784 21.4198525598
4.49945001618 2.58249745648 -36.2450504481 22.2472503834
4.40743649365 1.72698827151 -35.4254964455 21.7957504709
4.90783743558 2.78031633649 -49.0868682941 33.4555185518
4.79080753629 0.124028335017 -47.9518368498 32.7886067046
4.06783275517 -2.86691936382 -32.5472633241 20.2759323034
3.33028007958 -0.605475865607 -20.0907654085 10.7696450901
2.51940097136 0.590031867751 -15.3473812545 9.26977736905
3.91538940112 -3.48246105433 -31.3302741624 19.6687165579
3.8707852943 1.51295321548 -30.9829787946 19.4998376174
3.65828443753 3.52593158645 -29.3830450259 18.7499072758
2.80478714914 -0.512038820564 -16.866830952 9.64768235542
4.89398924166 -4.88770438821 -48.9511306975 33.3751737308
4.7417453769 -1.92852831374 -47.4841492193 32.5171677117
3.39870170886 3.44146231957 -20.5511733058 10.9563664704
4.62837856254 0.620423500592 -46.4218881182 31.908373868
3.34501547468 -2.12100092777 -20.1891285258 10.8090666271
4.04918650609 1.59754673651 -32.3959113611 20.1991653367
4.695542911 -3.06168862806 -47.048123229 32.265951585
4.21107795537 1.99402613961 -33.7331775462 20.8888657247
3.774652383 1.37741966089 -30.2480006125 19.1493910805
2.86018772234 1.7507378953 -17.180673807 9.73992291766
4.34067429261 0.0644422576731 -34.8414533145 21.4787561441
4.87726977558 4.12487970302 -48.7877604638 33.2786813615
4.19029048858 -1.39896440251 -33.5585343787 20.7973724244
4.58594528483 -4.34070449773 -46.0308941554 31.6871130161
4.45923743058 0.85740023429 -35.8847984623 22.04784874
4.93591332341 2.48646301159 -49.3632403362 33.6195870426
3.32229524346 -2.37258863109 -20.0376456847 10.7484647109
4.25989899301 1.76807052826 -34.1467394307 21.1071434586
3.3668629635 1.91638339239 -20.335766215 10.868314361
4.15132413366 3.23232581565 -33.2334920627 20.6281955281
4.91190596016 -0.377654645717 -49.1268201614 33.4791963208
4.98765133554 0.838555264249 -49.8766658449 33.9260605027
2.38676893697 -3.78344669211 -9.69666595848 4.1495902106
4.48779698217 -0.133611011583 -36.1403217531 22.1891338245
4.77119114943 -0.518453110983 -47.7642649844 32.6795003867
2.86563425741 -2.0644528994 -17.2118596972 9.7493226676
3.74334358814 3.4223111482 -30.0126212189 19.0392468663
4.71563023741 0.893330097323 -47.237168536 32.3746475863
2.66285499736 4.12487970302 -16.090796737 9.43937674753
