3.0 0.372958130468 2.20126002123 0.135836891033 0.140881667112 0.0784545182148 2.99100089361 2.92451901315 0.130236282356 0.332761314857 0.318288989019 0.0115745827307 0.0132691448495 0.181898430879 5.0 0.0 -6.966
3.0 2.54499838365 2.19036119241 0.0858554409515 0.128598194379 0.0441495244466 2.98045467839 2.60907106306 0.12179772222 0.317578568102 0.30553548485 0.0 0.0102246872502 0.164908993456 8.0 0.0 -7.231
2.9974880898 0.859498464512 2.19036119241 0.0858554409515 0.180917969936 0.0401959372218 2.81424223001 2.68363500808 0.12179772222 0.317578568102 0.00787991318834 0.0 0.010096484566 0.155880235313 6.0 0.0 -7.054
2.6287493724 0.0617664147641 0.258833323523 0.0857918083126 0.0610161062358 0.0441450521232 2.90297808753 2.97241364672 0.125213237372 0.494488202052 0.30634455528 2.69842001447e-05 0.0639849941405 0.0441439966989 3.0 0.0 -6.786
1.5246486229 0.492109533609 0.377573667239 0.126197878274 0.140135344316 0.124360245796 2.99376919382 2.96947737661 0.124100464709 0.333198758711 0.136357852975 0.0145100368411 0.00375011099927 0.235005369801 2.0 0.0 -6.427
2.82492272915 2.5034227832 2.8006512197 0.126975636466 0.14036404018 0.0350998362701 2.78964755108 2.63940296876 0.3118358157 0.298336292752 0.0170078727609 0.0862180117876 0.0561339029655 0.0 9.0 0.0 -7.319
2.99999947643 2.54532466028 3.0 1.75522977442 0.102716716961 0.486660913502 3.0 2.99764510295 0.425345331094 0.0198931836166 0.303451414774 0.131190106673 0.0 0.17527511358 11.0 0.0 -7.45
2.82492272915 0.951727537647 2.76753675722 0.126975636466 0.14036404018 0.224325206415 2.78964755108 2.89049628937 0.174848518734 0.390812753912 0.0509406599684 0.0862180117876 0.0524400759549 0.00136705934072 7.0 0.0 -7.143
2.70897225232 2.58628757416 2.87039309097 2.94963433939 2.12869616578 0.332385731742 2.92025803385 2.63794448921 0.110146603691 0.298103677552 0.00494201526522 0.084480759174 0.0919450035476 0.00765781549306 14.0 0.0 -7.629
2.88007439478 2.61912255593 2.86831618186 2.76496888828 0.140881667112 0.333370855774 2.69085972182 2.77214725461 0.0333442807302 0.338556048935 0.322831389131 0.0865426872427 0.0931662066939 0.0454144756954 12.0 0.0 -7.517
2.95288094141 0.493214824207 0.774745054336 0.126197878274 0.140135344316 0.0789520168184 2.98531973246 2.96947737661 0.0271695589084 0.296373827013 0.126538997949 0.0667339711188 0.00414055849618 0.235005369801 4.0 0.0 -6.876
1.44253986523 0.485584026166 0.342268665354 0.151519122114 0.136733319297 0.0985012422944 3.0 2.98061036169 0.123770038154 0.313204790273 0.100858026643 0.0 0.0 0.266777873816 1.0 0.0 -6.068
0.0405932937378 0.492109533609 0.377573667239 0.126197878274 0.140135344316 0.124360245796 2.99376919382 2.96947737661 0.124100464709 0.333198758711 0.136357852975 0.0145100368411 0.00375011099927 0.235005369801 0.0 0.0 -5.71