Run Number 1
Total Greened Acres 2150.69
[519, 1206, 137, 390, 316, 210, 145, 213, 263, 299, 223, 151, 351, 325, 160, 216, 36, 389, 496, 77, 52, 491, 492, 118, 57, 251, 11, 358, 262, 76, 261, 150, 201, 270, 362, 106, 34, 66, 316, 4, 160, 125, 135, 202, 89, 9, 2, 275, 2, 2, 32, 4, 30, 83, 66, 20, 1, 16, 9, 14, 14, 39, 13, 2, 26, 34, 23, 21, 63, 10, 1, 31, 4, 34, 37, 9, 32, 36, 13, 13, 0, 18, 38, 7, 17, 3, 14, 5, 16, 9]
2.0 min, 59.99 sec
volume = 936.36
stored this run in mongodb DocId = 586401dac10157038ef33c06 (zero means failed SWMM run)
Run Number 2
Total Greened Acres 2072.74
[488, 145, 828, 170, 180, 502, 2, 634, 715, 443, 127, 134, 444, 26, 4, 392, 194, 277, 332, 238, 226, 36, 131, 273, 75, 329, 169, 171, 149, 223, 82, 78, 397, 147, 40, 14, 220, 165, 104, 16, 30, 125, 77, 177, 94, 0, 232, 88, 76, 21, 2, 13, 26, 12, 90, 52, 19, 27, 33, 9, 0, 61, 26, 3, 1, 2, 12, 37, 20, 8, 14, 17, 0, 13, 12, 22, 42, 17, 4, 9, 17, 4, 14, 31, 13, 15, 10, 11, 4, 26]
2.0 min, 59.17 sec
volume = 967.2
stored this run in mongodb DocId = 5864028fc10157038ef33c07 (zero means failed SWMM run)
Run Number 3
Total Greened Acres 1919.79
[292, 356, 1347, 482, 264, 55, 48, 169, 790, 883, 99, 582, 167, 142, 260, 45, 244, 167, 175, 121, 122, 570, 182, 401, 151, 188, 143, 42, 47, 303, 275, 221, 277, 87, 10, 264, 269, 199, 269, 172, 178, 186, 45, 193, 256, 51, 44, 67, 25, 9, 13, 7, 87, 10, 17, 40, 3, 61, 17, 5, 0, 41, 6, 7, 11, 8, 5, 25, 23, 0, 8, 22, 44, 12, 17, 5, 4, 11, 22, 20, 7, 2, 5, 1, 7, 2, 7, 14, 5, 0]
3.0 min, 2.10 sec
volume = 1089.554
stored this run in mongodb DocId = 58640345c10157038ef33c08 (zero means failed SWMM run)
FINISHED ALL RUNS


Run Number 1
Total Greened Acres 2123.75
[162, 312, 1730, 491, 289, 324, 160, 814, 218, 363, 331, 144, 157, 50, 320, 223, 485, 417, 87, 199, 328, 43, 38, 16, 161, 385, 137, 246, 308, 127, 174, 317, 228, 139, 92, 234, 255, 107, 189, 209, 19, 78, 33, 259, 180, 76, 150, 29, 0, 3, 29, 13, 13, 100, 19, 24, 12, 89, 52, 3, 15, 13, 7, 39, 37, 9, 14, 6, 25, 5, 7, 3, 4, 21, 34, 1, 21, 18, 34, 7, 10, 2, 31, 7, 4, 9, 6, 8, 9, 14]
3.0 min, 3.09 sec
volume = 948.526
stored this run in mongodb DocId = 5864079cc10157038ef33c09 (zero means failed SWMM run)
Run Number 2
Total Greened Acres 2180.96
[201, 463, 664, 519, 223, 339, 165, 390, 824, 962, 696, 324, 40, 48, 121, 3, 270, 46, 95, 34, 236, 145, 263, 127, 120, 216, 167, 48, 224, 410, 206, 300, 300, 39, 268, 140, 270, 277, 74, 209, 17, 172, 119, 161, 251, 63, 85, 155, 32, 18, 1, 9, 24, 18, 4, 6, 34, 82, 8, 20, 11, 37, 60, 43, 55, 21, 42, 48, 31, 11, 15, 23, 14, 27, 6, 10, 16, 6, 0, 27, 11, 5, 4, 13, 5, 5, 10, 2, 14, 4]
3.0 min, 12.50 sec
volume = 970.328
stored this run in mongodb DocId = 5864085ec10157038ef33c0a (zero means failed SWMM run)
Run Number 3
Total Greened Acres 2144.28
[210, 74, 117, 601, 102, 445, 19, 251, 813, 718, 194, 106, 36, 48, 264, 442, 254, 312, 440, 97, 224, 240, 301, 271, 126, 206, 241, 53, 333, 366, 253, 165, 377, 311, 265, 116, 72, 299, 297, 155, 48, 18, 81, 148, 123, 20, 172, 102, 4, 41, 8, 25, 110, 12, 44, 14, 7, 70, 43, 10, 0, 7, 16, 17, 37, 27, 30, 35, 40, 2, 21, 18, 6, 14, 4, 8, 33, 16, 0, 6, 27, 22, 1, 6, 14, 18, 15, 13, 17, 3]
3.0 min, 6.61 sec
volume = 968.036
stored this run in mongodb DocId = 58640919c10157038ef33c0b (zero means failed SWMM run)
Run Number 4
Total Greened Acres 1937.60
[2, 1485, 1430, 524, 199, 379, 25, 87, 284, 748, 712, 177, 148, 200, 70, 104, 514, 409, 95, 55, 295, 4, 448, 241, 58, 195, 314, 38, 134, 338, 100, 124, 235, 44, 107, 121, 159, 158, 199, 46, 69, 67, 173, 145, 64, 58, 25, 66, 11, 13, 26, 19, 3, 15, 12, 3, 49, 13, 5, 8, 8, 5, 9, 18, 54, 16, 3, 18, 10, 21, 15, 5, 5, 26, 2, 9, 30, 39, 38, 53, 5, 21, 9, 7, 19, 17, 13, 3, 16, 19]
3.0 min, 10.84 sec
volume = 1074.689
stored this run in mongodb DocId = 586409d8c10157038ef33c0c (zero means failed SWMM run)
Run Number 5
Total Greened Acres 1808.20
[246, 484, 24, 122, 250, 134, 217, 256, 785, 867, 228, 348, 677, 102, 66, 259, 337, 188, 89, 372, 144, 563, 116, 84, 44, 8, 39, 284, 56, 127, 55, 365, 260, 25, 29, 116, 175, 134, 202, 154, 0, 33, 85, 8, 164, 49, 7, 7, 15, 5, 32, 5, 32, 20, 5, 55, 6, 1, 35, 40, 1, 30, 33, 39, 13, 7, 1, 66, 13, 8, 18, 19, 13, 44, 57, 30, 11, 11, 29, 8, 22, 10, 15, 9, 6, 24, 15, 11, 45, 14]
3.0 min, 7.81 sec
volume = 1125.944
stored this run in mongodb DocId = 58640a95c10157038ef33c0d (zero means failed SWMM run)
Run Number 6
Total Greened Acres 2033.04
[404, 27, 754, 311, 312, 493, 54, 38, 853, 704, 155, 454, 152, 361, 119, 53, 131, 489, 400, 377, 323, 410, 325, 290, 181, 77, 104, 43, 338, 1, 263, 241, 73, 193, 414, 28, 188, 284, 0, 32, 85, 98, 63, 82, 53, 38, 166, 87, 43, 4, 9, 16, 46, 17, 37, 19, 20, 86, 2, 11, 2, 22, 3, 15, 7, 9, 3, 13, 36, 3, 52, 20, 7, 24, 4, 6, 0, 38, 9, 0, 13, 1, 1, 36, 4, 14, 21, 6, 13, 32]
2.0 min, 58.73 sec
volume = 1027.322
stored this run in mongodb DocId = 58640b48c10157038ef33c0e (zero means failed SWMM run)
Run Number 7
Total Greened Acres 1998.58
[116, 298, 825, 266, 82, 85, 124, 718, 477, 553, 130, 444, 223, 347, 264, 52, 108, 0, 332, 185, 408, 307, 143, 17, 106, 42, 193, 10, 91, 478, 283, 119, 137, 59, 273, 173, 235, 51, 87, 176, 64, 44, 35, 29, 117, 48, 155, 40, 58, 2, 22, 20, 19, 23, 62, 94, 18, 29, 8, 11, 2, 47, 41, 0, 9, 3, 46, 35, 36, 7, 6, 4, 25, 52, 6, 4, 37, 46, 32, 2, 7, 7, 7, 11, 3, 15, 1, 3, 14, 24]
2.0 min, 59.32 sec
volume = 1020.907
stored this run in mongodb DocId = 58640bfcc10157038ef33c0f (zero means failed SWMM run)
Run Number 8
Total Greened Acres 1979.97
[521, 1340, 379, 317, 195, 458, 128, 48, 81, 532, 8, 337, 453, 152, 89, 108, 328, 422, 366, 179, 415, 492, 75, 59, 92, 104, 56, 8, 91, 184, 175, 65, 319, 262, 28, 203, 107, 172, 243, 69, 75, 105, 35, 198, 114, 32, 36, 158, 18, 14, 7, 9, 2, 81, 60, 34, 14, 11, 7, 12, 2, 27, 13, 7, 35, 0, 16, 45, 36, 2, 34, 33, 33, 10, 6, 22, 27, 26, 15, 44, 8, 25, 0, 3, 16, 8, 7, 6, 11, 15]
3.0 min, 7.35 sec
volume = 1029.666
stored this run in mongodb DocId = 58640cb8c10157038ef33c10 (zero means failed SWMM run)
Run Number 9
Total Greened Acres 2097.52
[267, 1254, 1821, 503, 247, 510, 11, 526, 225, 701, 310, 116, 397, 91, 255, 267, 253, 250, 388, 203, 293, 272, 445, 245, 41, 37, 53, 139, 455, 410, 41, 412, 228, 41, 132, 273, 97, 179, 105, 221, 132, 15, 127, 118, 63, 31, 69, 33, 20, 14, 11, 36, 6, 32, 5, 17, 27, 45, 35, 17, 12, 29, 41, 22, 30, 3, 23, 0, 20, 15, 10, 13, 21, 5, 24, 17, 4, 1, 36, 12, 0, 4, 5, 8, 4, 1, 34, 3, 13, 26]
3.0 min, 11.23 sec
volume = 992.117
stored this run in mongodb DocId = 58640d78c10157038ef33c11 (zero means failed SWMM run)
Run Number 10
Total Greened Acres 2215.64
[305, 829, 20, 580, 138, 467, 204, 555, 835, 933, 186, 34, 370, 323, 333, 212, 137, 426, 308, 146, 154, 309, 493, 452, 157, 366, 261, 311, 340, 258, 220, 160, 313, 239, 135, 224, 14, 118, 274, 25, 74, 215, 137, 115, 82, 41, 30, 257, 18, 16, 7, 0, 44, 13, 0, 23, 8, 4, 9, 6, 9, 33, 6, 16, 48, 13, 48, 15, 6, 6, 8, 12, 6, 19, 53, 16, 6, 28, 17, 8, 4, 43, 30, 4, 17, 12, 5, 8, 20, 9]
3.0 min, 1.23 sec
volume = 919.966
stored this run in mongodb DocId = 58640e2ec10157038ef33c12 (zero means failed SWMM run)
Run Number 11
Total Greened Acres 2004.71
[105, 1302, 1778, 266, 120, 97, 48, 79, 489, 814, 253, 81, 58, 342, 324, 270, 27, 138, 205, 266, 33, 108, 309, 245, 174, 290, 202, 49, 416, 277, 28, 214, 424, 347, 15, 160, 240, 231, 261, 171, 50, 134, 9, 273, 107, 86, 35, 36, 31, 3, 2, 34, 94, 31, 2, 30, 17, 36, 8, 7, 16, 66, 33, 44, 2, 29, 12, 36, 37, 3, 4, 1, 2, 4, 12, 28, 19, 12, 1, 8, 21, 0, 5, 0, 7, 2, 11, 6, 3, 2]
3.0 min, 2.48 sec
volume = 1030.369
stored this run in mongodb DocId = 58640ee5c10157038ef33c13 (zero means failed SWMM run)
Run Number 12
Total Greened Acres 2155.66
[670, 168, 387, 148, 204, 109, 128, 366, 92, 404, 641, 534, 343, 61, 108, 82, 264, 39, 282, 165, 154, 581, 459, 498, 46, 141, 222, 360, 210, 318, 67, 349, 187, 224, 290, 39, 3, 234, 52, 85, 107, 198, 145, 216, 85, 9, 212, 178, 14, 19, 41, 0, 83, 113, 2, 1, 0, 13, 10, 30, 3, 20, 38, 32, 27, 39, 6, 13, 4, 18, 4, 2, 2, 26, 36, 16, 18, 10, 11, 2, 17, 24, 5, 35, 19, 12, 7, 3, 6, 5]
3.0 min, 1.37 sec
volume = 975.336
stored this run in mongodb DocId = 58640f9cc10157038ef33c14 (zero means failed SWMM run)
Run Number 13
Total Greened Acres 2149.63
[172, 636, 991, 680, 206, 297, 57, 895, 644, 300, 262, 571, 307, 249, 11, 12, 362, 183, 308, 408, 21, 240, 471, 403, 10, 18, 282, 121, 419, 64, 153, 154, 112, 39, 173, 22, 168, 144, 55, 94, 56, 211, 13, 88, 137, 82, 166, 143, 6, 20, 14, 3, 4, 10, 37, 18, 3, 45, 5, 21, 4, 14, 50, 29, 0, 34, 21, 15, 21, 14, 32, 4, 0, 9, 56, 8, 28, 50, 4, 4, 20, 1, 2, 17, 6, 8, 5, 25, 26, 14]
2.0 min, 59.85 sec
volume = 955.629
stored this run in mongodb DocId = 58641050c10157038ef33c15 (zero means failed SWMM run)
Run Number 14
Total Greened Acres 1989.04
[232, 1300, 1420, 73, 99, 35, 45, 221, 345, 618, 588, 261, 628, 171, 100, 33, 143, 376, 0, 251, 288, 50, 307, 289, 26, 134, 96, 144, 100, 560, 137, 118, 12, 72, 221, 102, 93, 25, 120, 210, 10, 160, 21, 191, 68, 36, 85, 82, 35, 7, 55, 35, 13, 58, 37, 16, 24, 7, 18, 11, 8, 56, 17, 37, 32, 0, 24, 3, 2, 9, 23, 14, 4, 25, 9, 9, 31, 29, 21, 23, 0, 7, 37, 7, 4, 23, 6, 5, 7, 13]
3.0 min, 3.68 sec
volume = 1044.206
stored this run in mongodb DocId = 58641108c10157038ef33c16 (zero means failed SWMM run)
Run Number 15
Total Greened Acres 1887.76
[351, 1056, 891, 199, 148, 34, 229, 825, 745, 116, 126, 488, 621, 362, 282, 124, 19, 68, 367, 116, 81, 381, 405, 399, 58, 132, 136, 214, 103, 390, 86, 54, 73, 349, 263, 32, 188, 131, 236, 198, 89, 44, 175, 204, 73, 3, 93, 63, 9, 5, 36, 6, 23, 23, 46, 30, 4, 4, 1, 7, 0, 6, 8, 17, 35, 11, 31, 29, 10, 17, 34, 7, 16, 3, 3, 7, 11, 38, 0, 19, 23, 15, 9, 16, 6, 1, 9, 1, 16, 20]
3.0 min, 8.10 sec
volume = 1073.017
stored this run in mongodb DocId = 586411c5c10157038ef33c17 (zero means failed SWMM run)
Run Number 16
Total Greened Acres 2271.29
[188, 1569, 1622, 528, 256, 4, 179, 802, 213, 774, 36, 444, 444, 179, 91, 145, 393, 196, 343, 362, 280, 212, 526, 167, 149, 303, 110, 89, 375, 175, 203, 266, 188, 130, 181, 163, 117, 270, 102, 158, 5, 20, 177, 104, 40, 72, 39, 60, 10, 18, 12, 5, 11, 66, 24, 101, 0, 15, 28, 30, 6, 3, 31, 11, 3, 6, 21, 10, 58, 4, 5, 31, 12, 15, 40, 13, 5, 46, 26, 4, 20, 26, 2, 11, 9, 20, 23, 0, 23, 33]
3.0 min, 2.58 sec
volume = 914.421
stored this run in mongodb DocId = 5864127cc10157038ef33c18 (zero means failed SWMM run)
Run Number 17
Total Greened Acres 2044.21
[95, 538, 614, 70, 176, 441, 147, 276, 736, 883, 695, 118, 589, 189, 145, 39, 435, 51, 199, 113, 41, 239, 259, 36, 175, 287, 225, 163, 379, 110, 260, 223, 311, 335, 160, 228, 129, 203, 3, 229, 1, 217, 120, 93, 79, 66, 2, 39, 24, 18, 20, 19, 104, 19, 10, 11, 27, 21, 30, 19, 14, 8, 25, 23, 42, 55, 56, 34, 21, 5, 0, 6, 4, 10, 66, 8, 33, 10, 2, 33, 10, 5, 13, 48, 2, 15, 1, 6, 15, 4]
3.0 min, 2.22 sec
volume = 1000.333
stored this run in mongodb DocId = 58641333c10157038ef33c19 (zero means failed SWMM run)
Run Number 18
Total Greened Acres 2358.53
[525, 344, 1231, 153, 47, 264, 188, 666, 112, 136, 432, 467, 229, 327, 133, 54, 19, 391, 300, 450, 254, 76, 341, 379, 165, 381, 209, 119, 257, 192, 82, 33, 379, 159, 98, 33, 67, 100, 146, 169, 167, 206, 15, 74, 268, 20, 232, 127, 22, 28, 45, 8, 44, 122, 89, 26, 2, 46, 6, 16, 14, 8, 18, 1, 0, 19, 44, 27, 0, 6, 0, 23, 23, 7, 62, 32, 51, 18, 31, 30, 34, 14, 23, 10, 8, 0, 5, 21, 0, 0]
3.0 min, 2.50 sec
volume = 851.648
stored this run in mongodb DocId = 586413eac10157038ef33c1a (zero means failed SWMM run)
Run Number 19
Total Greened Acres 2102.87
[446, 1110, 873, 503, 92, 224, 189, 344, 511, 120, 251, 436, 415, 106, 154, 132, 307, 127, 354, 279, 201, 301, 255, 340, 42, 41, 266, 366, 228, 233, 190, 376, 103, 192, 194, 158, 72, 12, 173, 37, 32, 70, 76, 137, 245, 0, 56, 174, 20, 12, 24, 3, 35, 12, 115, 12, 0, 47, 0, 18, 2, 45, 7, 17, 20, 19, 32, 46, 28, 2, 20, 1, 0, 37, 33, 11, 2, 56, 9, 28, 23, 3, 10, 13, 8, 16, 9, 8, 4, 1]
2.0 min, 59.11 sec
volume = 951.691
stored this run in mongodb DocId = 5864149ec10157038ef33c1b (zero means failed SWMM run)
Run Number 20
Total Greened Acres 2120.30
[605, 1607, 544, 97, 57, 40, 222, 842, 794, 387, 218, 578, 328, 214, 309, 56, 448, 180, 192, 263, 150, 79, 524, 93, 21, 288, 11, 216, 97, 19, 296, 21, 285, 256, 168, 201, 7, 156, 39, 179, 32, 227, 135, 253, 240, 6, 4, 181, 52, 20, 33, 10, 22, 20, 42, 69, 2, 9, 0, 5, 0, 16, 6, 50, 13, 17, 83, 6, 28, 1, 4, 21, 25, 51, 6, 1, 39, 19, 12, 40, 0, 5, 14, 36, 3, 5, 1, 3, 1, 5]
3.0 min, 6.19 sec
volume = 970.434
stored this run in mongodb DocId = 58641559c10157038ef33c1c (zero means failed SWMM run)
FINISHED ALL RUNS


Run Number 1
Total Greened Acres 314.00
[47, 43, 213, 29, 5, 35, 15, 68, 87, 100, 2, 29, 13, 33, 7, 3, 34, 37, 35, 41, 11, 32, 33, 48, 14, 6, 23, 30, 7, 63, 23, 45, 33, 20, 3, 17, 17, 25, 11, 21, 0, 6, 0, 9, 26, 6, 21, 24, 3, 3, 5, 2, 10, 5, 14, 1, 7, 2, 4, 3, 6, 2, 2, 0, 5, 3, 3, 5, 3, 1, 5, 3, 4, 0, 0, 1, 7, 0, 6, 2, 0, 4, 2, 5, 2, 0, 0, 1, 1, 3]
2.0 min, 59.30 sec
volume = 1787.183
stored this run in mongodb DocId = 586432dcc10157038ef33c31 (zero means failed SWMM run)
Run Number 2
Total Greened Acres 343.42
[45, 34, 116, 46, 14, 21, 25, 52, 36, 102, 3, 17, 72, 29, 10, 58, 17, 29, 42, 36, 34, 19, 55, 20, 4, 6, 16, 1, 5, 10, 16, 20, 50, 26, 6, 26, 27, 9, 14, 14, 18, 10, 2, 22, 10, 4, 11, 32, 5, 5, 6, 1, 15, 8, 9, 13, 1, 11, 5, 2, 5, 3, 8, 5, 5, 3, 9, 9, 8, 1, 5, 3, 6, 0, 9, 1, 1, 7, 2, 0, 2, 0, 1, 2, 3, 0, 1, 3, 1, 3]
3.0 min, 4.39 sec
volume = 1772.572
stored this run in mongodb DocId = 58643395c10157038ef33c32 (zero means failed SWMM run)
Run Number 3
Total Greened Acres 292.86
[63, 45, 150, 37, 4, 11, 14, 42, 69, 3, 6, 4, 8, 22, 17, 54, 26, 15, 26, 21, 8, 15, 2, 26, 21, 32, 8, 6, 50, 56, 7, 46, 6, 8, 20, 2, 15, 8, 3, 21, 20, 17, 15, 2, 15, 5, 15, 11, 4, 0, 7, 3, 9, 3, 9, 11, 8, 9, 2, 0, 8, 1, 7, 6, 1, 1, 10, 1, 4, 1, 2, 2, 1, 5, 9, 0, 4, 7, 2, 5, 4, 2, 4, 3, 3, 1, 2, 2, 5, 0]
3.0 min, 3.26 sec
volume = 1800.895
stored this run in mongodb DocId = 5864344dc10157038ef33c33 (zero means failed SWMM run)
Run Number 4
Total Greened Acres 298.19
[8, 54, 11, 68, 37, 50, 0, 79, 56, 96, 66, 27, 75, 6, 15, 40, 15, 18, 52, 39, 5, 35, 5, 21, 1, 18, 22, 33, 19, 57, 12, 6, 8, 33, 21, 31, 24, 15, 21, 9, 12, 25, 0, 11, 13, 3, 5, 21, 8, 2, 0, 1, 2, 13, 9, 12, 5, 0, 1, 3, 8, 4, 8, 3, 3, 4, 7, 8, 1, 0, 4, 1, 0, 4, 5, 1, 4, 6, 5, 3, 2, 4, 1, 3, 3, 2, 0, 2, 0, 2]
3.0 min, 2.03 sec
volume = 1795.138
stored this run in mongodb DocId = 58643503c10157038ef33c34 (zero means failed SWMM run)
Run Number 5
Total Greened Acres 333.16
[2, 10, 205, 65, 34, 10, 22, 88, 42, 82, 73, 10, 58, 17, 38, 39, 18, 4, 5, 47, 42, 61, 49, 36, 12, 8, 20, 33, 5, 56, 4, 5, 20, 4, 36, 4, 28, 30, 2, 3, 12, 3, 7, 9, 8, 4, 17, 28, 11, 4, 8, 1, 11, 6, 1, 6, 0, 10, 3, 5, 1, 6, 8, 7, 2, 1, 6, 4, 1, 0, 6, 2, 4, 8, 5, 2, 4, 2, 6, 2, 3, 2, 1, 2, 3, 0, 0, 2, 1, 4]
3.0 min, 4.22 sec
volume = 1774.581
stored this run in mongodb DocId = 586435bcc10157038ef33c35 (zero means failed SWMM run)
Run Number 6
Total Greened Acres 346.60
[29, 55, 118, 53, 12, 56, 26, 38, 76, 105, 57, 49, 57, 39, 36, 15, 14, 43, 49, 16, 25, 53, 28, 20, 15, 28, 5, 39, 44, 0, 22, 24, 32, 11, 39, 32, 1, 15, 36, 1, 10, 10, 4, 27, 27, 5, 18, 33, 2, 4, 5, 4, 10, 7, 6, 3, 3, 11, 0, 5, 3, 7, 2, 8, 6, 0, 0, 3, 5, 0, 4, 1, 3, 6, 6, 4, 1, 6, 3, 7, 4, 2, 2, 1, 2, 3, 0, 0, 2, 4]
3.0 min, 2.57 sec
volume = 1769.716
stored this run in mongodb DocId = 58643673c10157038ef33c36 (zero means failed SWMM run)
Run Number 7
Total Greened Acres 301.73
[71, 63, 209, 57, 37, 43, 20, 98, 51, 41, 57, 39, 20, 7, 38, 14, 32, 10, 15, 29, 9, 68, 39, 26, 10, 44, 5, 6, 1, 13, 0, 4, 8, 9, 33, 8, 23, 33, 26, 15, 0, 2, 10, 30, 25, 6, 9, 16, 4, 0, 3, 1, 8, 6, 12, 5, 1, 5, 0, 2, 9, 6, 6, 5, 0, 2, 0, 4, 6, 0, 3, 6, 4, 8, 1, 3, 4, 5, 4, 3, 3, 4, 1, 1, 3, 1, 2, 0, 0, 1]
2.0 min, 59.76 sec
volume = 1790.181
stored this run in mongodb DocId = 58643728c10157038ef33c37 (zero means failed SWMM run)
Run Number 8
Total Greened Acres 284.86
[41, 66, 118, 67, 1, 30, 2, 1, 21, 97, 75, 31, 6, 1, 19, 8, 20, 48, 53, 43, 30, 44, 7, 57, 20, 34, 1, 3, 50, 5, 22, 1, 43, 15, 1, 24, 27, 27, 18, 26, 4, 1, 4, 18, 18, 5, 10, 8, 1, 5, 3, 4, 2, 1, 14, 0, 6, 3, 0, 4, 2, 4, 8, 4, 6, 4, 4, 9, 1, 3, 4, 3, 3, 3, 3, 2, 5, 4, 6, 5, 3, 0, 3, 5, 2, 0, 0, 3, 4, 2]
3.0 min, 3.46 sec
volume = 1801.982
stored this run in mongodb DocId = 586437e0c10157038ef33c38 (zero means failed SWMM run)
Run Number 9
Total Greened Acres 295.13
[32, 60, 46, 27, 26, 37, 4, 64, 62, 17, 18, 9, 57, 14, 15, 5, 42, 47, 34, 45, 7, 61, 66, 55, 4, 22, 10, 7, 9, 6, 31, 3, 17, 4, 46, 14, 30, 23, 23, 18, 19, 17, 17, 3, 28, 7, 23, 8, 2, 1, 7, 1, 12, 8, 12, 6, 1, 8, 1, 5, 9, 5, 8, 1, 4, 0, 7, 4, 1, 0, 4, 5, 0, 1, 7, 3, 0, 1, 2, 0, 5, 1, 5, 1, 3, 0, 3, 0, 5, 0]
3.0 min, 8.08 sec
volume = 1794.689
stored this run in mongodb DocId = 5864389dc10157038ef33c39 (zero means failed SWMM run)
Run Number 10
Total Greened Acres 299.83
[14, 185, 66, 76, 27, 27, 28, 89, 46, 101, 8, 30, 69, 12, 20, 27, 13, 19, 52, 12, 30, 31, 47, 56, 15, 41, 38, 33, 35, 60, 25, 44, 24, 18, 46, 19, 8, 2, 8, 9, 18, 24, 11, 31, 19, 4, 8, 14, 3, 2, 9, 3, 2, 1, 6, 5, 8, 1, 2, 2, 8, 6, 8, 6, 2, 0, 8, 0, 1, 0, 2, 1, 1, 3, 2, 1, 2, 7, 2, 3, 0, 0, 2, 2, 0, 1, 3, 0, 3, 4]
3.0 min, 4.29 sec
volume = 1790.0
stored this run in mongodb DocId = 58643956c10157038ef33c3a (zero means failed SWMM run)
Run Number 11
Total Greened Acres 345.91
[44, 160, 121, 25, 21, 10, 5, 59, 87, 55, 61, 42, 49, 30, 32, 9, 7, 24, 27, 44, 15, 58, 59, 9, 21, 18, 16, 30, 49, 21, 28, 25, 22, 14, 3, 23, 0, 2, 3, 24, 6, 21, 6, 14, 29, 3, 17, 30, 10, 3, 3, 1, 10, 8, 9, 1, 9, 3, 2, 4, 8, 0, 7, 8, 1, 0, 8, 8, 7, 2, 5, 2, 5, 4, 4, 4, 0, 2, 6, 7, 0, 5, 0, 3, 3, 0, 1, 1, 2, 1]
3.0 min, 0.74 sec
volume = 1773.257
stored this run in mongodb DocId = 58643a0bc10157038ef33c3b (zero means failed SWMM run)
Run Number 12
Total Greened Acres 299.84
[66, 108, 137, 24, 20, 3, 25, 4, 92, 92, 46, 36, 0, 16, 22, 46, 12, 32, 15, 24, 20, 10, 40, 11, 14, 37, 35, 20, 11, 24, 19, 29, 36, 10, 14, 28, 5, 24, 22, 24, 13, 12, 0, 24, 21, 1, 1, 6, 5, 2, 9, 2, 9, 14, 12, 7, 8, 7, 6, 4, 3, 0, 3, 0, 3, 3, 4, 0, 9, 2, 0, 5, 6, 6, 2, 1, 7, 7, 6, 5, 2, 1, 2, 2, 0, 2, 3, 1, 1, 0]
3.0 min, 2.64 sec
volume = 1795.128
stored this run in mongodb DocId = 58643ac2c10157038ef33c3c (zero means failed SWMM run)
Run Number 13
Total Greened Acres 316.23
[75, 55, 151, 19, 3, 27, 9, 86, 82, 66, 53, 47, 14, 25, 1, 14, 56, 37, 26, 18, 23, 45, 45, 16, 3, 12, 19, 35, 22, 45, 26, 40, 42, 30, 33, 16, 0, 18, 10, 14, 18, 0, 14, 1, 21, 10, 10, 15, 7, 3, 6, 0, 5, 6, 12, 9, 8, 4, 3, 0, 5, 8, 2, 6, 3, 4, 6, 3, 1, 3, 2, 5, 0, 2, 0, 3, 7, 0, 3, 5, 4, 1, 5, 5, 4, 2, 0, 0, 0, 0]
3.0 min, 2.66 sec
volume = 1787.008
stored this run in mongodb DocId = 58643b7ac10157038ef33c3d (zero means failed SWMM run)
Run Number 14
Total Greened Acres 343.49
[58, 128, 103, 39, 21, 32, 11, 28, 3, 62, 37, 57, 16, 30, 22, 43, 33, 48, 25, 21, 11, 26, 14, 14, 1, 10, 35, 22, 34, 24, 9, 31, 13, 6, 24, 17, 25, 31, 0, 3, 12, 21, 7, 18, 29, 9, 28, 32, 0, 0, 5, 4, 15, 14, 8, 1, 8, 12, 4, 5, 3, 3, 7, 5, 4, 0, 8, 6, 5, 2, 1, 3, 2, 4, 7, 5, 5, 1, 2, 4, 1, 0, 1, 1, 0, 3, 2, 2, 1, 0]
3.0 min, 6.98 sec
volume = 1777.907
stored this run in mongodb DocId = 58643c36c10157038ef33c3e (zero means failed SWMM run)
Run Number 15
Total Greened Acres 306.74
[48, 21, 158, 12, 17, 47, 30, 11, 25, 90, 2, 47, 19, 34, 34, 35, 28, 51, 11, 35, 32, 17, 26, 17, 5, 44, 8, 23, 8, 44, 18, 19, 14, 19, 19, 27, 11, 0, 14, 0, 13, 8, 9, 1, 7, 7, 21, 12, 7, 2, 4, 0, 9, 7, 15, 3, 2, 1, 3, 3, 6, 7, 8, 6, 5, 1, 3, 7, 3, 3, 4, 6, 2, 2, 9, 3, 5, 7, 5, 2, 0, 0, 1, 4, 0, 1, 0, 2, 3, 3]
3.0 min, 1.65 sec
volume = 1793.014
stored this run in mongodb DocId = 58643cedc10157038ef33c3f (zero means failed SWMM run)
Run Number 16
Total Greened Acres 292.11
[7, 62, 124, 26, 25, 53, 13, 31, 37, 102, 76, 61, 48, 5, 38, 31, 61, 45, 36, 32, 0, 34, 26, 0, 12, 3, 15, 10, 6, 44, 25, 41, 10, 16, 37, 11, 7, 9, 28, 23, 3, 19, 19, 28, 19, 2, 10, 0, 1, 3, 3, 2, 8, 6, 14, 5, 6, 11, 0, 5, 4, 5, 6, 6, 1, 1, 5, 5, 2, 2, 5, 4, 5, 2, 7, 1, 0, 0, 5, 1, 0, 3, 5, 1, 0, 3, 3, 2, 4, 3]
2.0 min, 56.74 sec
volume = 1798.812
stored this run in mongodb DocId = 58643d9fc10157038ef33c40 (zero means failed SWMM run)
Run Number 17
Total Greened Acres 269.38
[65, 100, 187, 37, 2, 58, 6, 98, 84, 35, 25, 40, 9, 2, 22, 36, 11, 27, 53, 47, 12, 15, 3, 11, 6, 41, 8, 22, 43, 6, 11, 25, 51, 8, 15, 12, 20, 7, 21, 6, 4, 14, 1, 16, 24, 10, 1, 13, 4, 2, 0, 1, 2, 7, 3, 1, 1, 1, 2, 2, 1, 0, 3, 4, 4, 7, 10, 3, 2, 0, 6, 2, 3, 0, 8, 2, 5, 4, 4, 4, 0, 3, 1, 3, 4, 3, 0, 3, 2, 3]
2.0 min, 55.76 sec
volume = 1805.838
stored this run in mongodb DocId = 58643e4fc10157038ef33c41 (zero means failed SWMM run)
Run Number 18
Total Greened Acres 268.15
[16, 54, 173, 23, 36, 58, 0, 92, 19, 9, 53, 59, 21, 11, 35, 45, 17, 17, 33, 40, 17, 34, 44, 26, 21, 28, 8, 12, 24, 19, 32, 30, 3, 27, 44, 8, 27, 30, 30, 16, 19, 20, 1, 2, 10, 7, 0, 10, 12, 0, 3, 0, 11, 6, 2, 7, 2, 3, 1, 5, 3, 0, 2, 5, 1, 1, 1, 3, 1, 3, 2, 3, 5, 7, 0, 0, 1, 3, 4, 5, 0, 4, 3, 4, 2, 1, 3, 3, 1, 3]
2.0 min, 56.52 sec
volume = 1808.156
stored this run in mongodb DocId = 58643f00c10157038ef33c42 (zero means failed SWMM run)
Run Number 19
Total Greened Acres 343.28
[32, 60, 98, 10, 0, 32, 14, 83, 2, 79, 26, 64, 9, 39, 5, 52, 52, 11, 26, 47, 11, 16, 43, 20, 8, 41, 18, 7, 33, 58, 26, 40, 21, 8, 14, 32, 12, 15, 13, 21, 17, 17, 9, 20, 19, 11, 17, 28, 4, 1, 6, 3, 11, 12, 11, 5, 2, 9, 0, 0, 3, 7, 5, 2, 7, 6, 10, 8, 1, 1, 6, 3, 3, 4, 9, 4, 5, 4, 1, 4, 2, 2, 3, 2, 2, 2, 3, 0, 0, 1]
2.0 min, 57.92 sec
volume = 1775.6
stored this run in mongodb DocId = 58643fb3c10157038ef33c43 (zero means failed SWMM run)
Run Number 20
Total Greened Acres 333.10
[20, 127, 181, 27, 24, 41, 28, 36, 71, 63, 18, 28, 15, 39, 22, 48, 51, 13, 19, 20, 4, 51, 26, 2, 13, 11, 31, 13, 31, 33, 33, 23, 6, 23, 47, 18, 5, 2, 11, 19, 7, 12, 7, 7, 2, 9, 11, 31, 4, 2, 5, 4, 3, 11, 16, 12, 9, 10, 4, 3, 1, 0, 3, 6, 5, 7, 1, 10, 7, 0, 0, 0, 5, 1, 0, 2, 3, 5, 4, 3, 2, 2, 1, 4, 2, 0, 2, 2, 0, 2]
2.0 min, 54.01 sec
volume = 1779.979
stored this run in mongodb DocId = 58644062c10157038ef33c44 (zero means failed SWMM run)
FINISHED ALL RUNS

Run Number 1
Total Greened Acres 2158.44
[274, 767, 1737, 112, 104, 175, 139, 468, 229, 918, 708, 598, 538, 68, 180, 35, 432, 492, 95, 55, 420, 260, 166, 143, 192, 272, 123, 382, 250, 578, 312, 239, 483, 153, 79, 106, 75, 248, 17, 239, 190, 172, 76, 222, 70, 3, 162, 55, 76, 10, 13, 21, 57, 56, 10, 10, 1, 8, 4, 6, 1, 4, 0, 16, 3, 4, 60, 52, 10, 0, 11, 0, 3, 30, 2, 0, 35, 1, 24, 24, 13, 5, 6, 19, 2, 0, 7, 5, 1, 24]
3.0 min, 2.29 sec
volume = 989.803
stored this run in mongodb DocId = 58644c9bc10157038ef33c45 (zero means failed SWMM run)
Run Number 2
Total Greened Acres 2310.64
[545, 1401, 724, 575, 322, 42, 57, 668, 214, 758, 492, 4, 516, 290, 80, 163, 586, 0, 385, 123, 128, 258, 634, 345, 91, 132, 139, 192, 189, 482, 327, 351, 215, 371, 219, 131, 280, 156, 144, 113, 102, 196, 25, 43, 267, 3, 51, 180, 1, 3, 58, 32, 11, 82, 43, 15, 17, 41, 7, 25, 59, 1, 55, 15, 19, 49, 29, 2, 27, 13, 3, 16, 5, 31, 11, 0, 0, 26, 2, 7, 19, 0, 5, 10, 0, 3, 8, 12, 30, 3]
0.0 min, 0.01 sec
stored this run in mongodb DocId = 0 (zero means failed SWMM run)
Run Number 3
Total Greened Acres 2002.75
[40, 75, 510, 1, 93, 389, 48, 667, 587, 540, 554, 430, 58, 30, 132, 129, 323, 228, 237, 325, 206, 429, 221, 318, 101, 1, 68, 64, 255, 106, 324, 218, 32, 123, 373, 139, 168, 207, 28, 64, 179, 199, 56, 78, 79, 43, 99, 165, 87, 20, 17, 4, 40, 10, 51, 19, 13, 38, 18, 3, 2, 13, 11, 5, 15, 33, 2, 68, 37, 11, 3, 35, 48, 17, 2, 0, 21, 67, 27, 7, 6, 18, 1, 4, 13, 0, 6, 0, 1, 32]
0.0 min, 0.01 sec
stored this run in mongodb DocId = 0 (zero means failed SWMM run)
Run Number 4
Total Greened Acres 2092.03
[682, 664, 1056, 352, 151, 27, 48, 763, 524, 369, 729, 4, 316, 67, 144, 632, 229, 12, 174, 286, 419, 621, 401, 303, 180, 114, 358, 252, 34, 437, 167, 254, 219, 147, 230, 119, 3, 58, 340, 142, 24, 213, 70, 122, 59, 10, 65, 49, 39, 3, 31, 33, 29, 55, 100, 0, 3, 52, 27, 1, 0, 5, 15, 19, 5, 1, 3, 38, 3, 3, 9, 0, 4, 8, 29, 18, 20, 2, 27, 37, 13, 32, 40, 2, 4, 0, 3, 6, 28, 27]
0.0 min, 0.01 sec
stored this run in mongodb DocId = 0 (zero means failed SWMM run)
Run Number 5
Total Greened Acres 2033.95
[139, 106, 637, 289, 178, 164, 78, 99, 289, 41, 101, 407, 38, 345, 46, 196, 29, 416, 154, 85, 354, 441, 396, 112, 84, 346, 126, 104, 374, 124, 124, 37, 144, 233, 269, 177, 94, 284, 257, 78, 139, 58, 122, 58, 202, 52, 170, 167, 74, 5, 13, 22, 96, 14, 82, 3, 3, 97, 5, 21, 4, 17, 12, 23, 46, 3, 8, 11, 17, 10, 3, 26, 24, 19, 42, 26, 0, 34, 1, 26, 14, 7, 2, 16, 1, 2, 5, 8, 19, 7]
0.0 min, 0.01 sec
stored this run in mongodb DocId = 0 (zero means failed SWMM run)
Run Number 6
Total Greened Acres 2270.01
[595, 960, 564, 416, 29, 14, 263, 651, 62, 972, 390, 564, 425, 188, 7, 47, 529, 241, 405, 219, 141, 369, 491, 38, 1, 223, 303, 285, 407, 434, 103, 408, 339, 274, 5, 227, 152, 273, 77, 127, 154, 157, 3, 153, 28, 10, 77, 194, 6, 24, 77, 3, 16, 104, 16, 21, 2, 44, 12, 25, 2, 1, 44, 20, 2, 24, 48, 19, 48, 21, 33, 11, 2, 2, 20, 3, 7, 5, 3, 14, 12, 5, 6, 23, 13, 0, 13, 21, 7, 7]
0.0 min, 0.01 sec
stored this run in mongodb DocId = 0 (zero means failed SWMM run)
Run Number 7
Total Greened Acres 2246.67
[140, 350, 1378, 709, 81, 549, 126, 719, 939, 864, 643, 193, 523, 301, 223, 375, 359, 153, 346, 203, 133, 291, 247, 241, 190, 374, 14, 146, 263, 339, 35, 0, 121, 176, 225, 114, 146, 195, 11, 90, 187, 100, 132, 204, 71, 38, 192, 123, 1, 24, 3, 13, 36, 0, 17, 9, 2, 2, 7, 14, 5, 6, 19, 16, 3, 36, 25, 7, 38, 1, 3, 31, 17, 28, 30, 22, 59, 25, 19, 7, 30, 6, 18, 9, 4, 0, 7, 6, 7, 23]
0.0 min, 0.01 sec
stored this run in mongodb DocId = 0 (zero means failed SWMM run)
Run Number 8
Total Greened Acres 2015.72
[94, 1335, 575, 593, 67, 384, 62, 965, 535, 178, 337, 170, 80, 60, 302, 475, 377, 326, 489, 435, 394, 31, 340, 371, 157, 58, 229, 232, 317, 24, 190, 266, 158, 222, 176, 46, 37, 289, 162, 13, 169, 229, 189, 158, 186, 78, 54, 14, 22, 14, 29, 22, 1, 55, 5, 7, 0, 10, 21, 10, 1, 6, 7, 5, 10, 1, 11, 43, 21, 2, 13, 22, 23, 20, 7, 17, 20, 45, 25, 47, 19, 22, 3, 27, 18, 4, 2, 0, 23, 14]
0.0 min, 0.01 sec
stored this run in mongodb DocId = 0 (zero means failed SWMM run)
Run Number 9
Total Greened Acres 2128.97
[290, 843, 495, 164, 80, 453, 126, 750, 778, 283, 481, 377, 55, 131, 121, 238, 194, 478, 403, 445, 327, 382, 551, 314, 207, 101, 270, 185, 456, 326, 286, 155, 90, 304, 102, 270, 156, 117, 87, 11, 123, 246, 158, 269, 169, 69, 26, 241, 15, 28, 7, 5, 25, 7, 59, 25, 3, 7, 9, 1, 3, 44, 9, 10, 8, 2, 4, 7, 11, 0, 3, 2, 22, 3, 46, 1, 23, 32, 7, 21, 3, 8, 14, 39, 28, 11, 0, 4, 4, 6]
3.0 min, 2.00 sec
volume = 959.946
stored this run in mongodb DocId = 58644d52c10157038ef33c46 (zero means failed SWMM run)
Run Number 10
Total Greened Acres 1910.43
[718, 1147, 622, 215, 260, 101, 262, 851, 613, 703, 625, 247, 28, 131, 190, 244, 247, 184, 244, 295, 182, 529, 276, 221, 53, 35, 235, 115, 297, 167, 26, 357, 117, 329, 413, 48, 297, 36, 21, 123, 190, 87, 139, 272, 79, 0, 2, 10, 52, 0, 18, 1, 2, 10, 32, 6, 12, 26, 16, 17, 7, 32, 8, 14, 28, 30, 19, 57, 7, 11, 32, 13, 28, 24, 53, 14, 2, 10, 2, 5, 34, 0, 15, 29, 2, 0, 7, 3, 6, 2]
3.0 min, 9.48 sec
volume = 1056.715
stored this run in mongodb DocId = 58644e10c10157038ef33c47 (zero means failed SWMM run)
Run Number 11
Total Greened Acres 1983.84
[574, 864, 2078, 481, 242, 364, 99, 319, 123, 245, 784, 30, 324, 281, 2, 261, 344, 275, 54, 208, 218, 29, 624, 435, 109, 153, 334, 331, 291, 617, 209, 0, 68, 311, 382, 99, 19, 126, 96, 209, 172, 128, 172, 182, 11, 1, 71, 1, 21, 1, 35, 13, 73, 75, 3, 0, 28, 13, 9, 26, 16, 4, 38, 6, 19, 13, 1, 3, 13, 13, 11, 0, 5, 29, 0, 10, 2, 30, 5, 1, 15, 30, 8, 10, 4, 3, 18, 1, 20, 3]
3.0 min, 3.64 sec
volume = 1049.94
stored this run in mongodb DocId = 58644ec9c10157038ef33c48 (zero means failed SWMM run)
Run Number 12
Total Greened Acres 2078.21
[378, 540, 1340, 494, 16, 432, 280, 381, 712, 855, 107, 26, 377, 106, 237, 47, 3, 94, 104, 242, 298, 593, 201, 160, 59, 113, 20, 304, 126, 160, 167, 333, 70, 240, 387, 302, 116, 4, 92, 113, 189, 1, 153, 166, 125, 2, 140, 97, 6, 45, 8, 0, 52, 12, 0, 90, 20, 38, 7, 7, 69, 18, 46, 2, 1, 6, 6, 33, 4, 21, 3, 39, 16, 21, 54, 11, 14, 0, 19, 9, 1, 3, 48, 12, 2, 1, 17, 4, 1, 12]
3.0 min, 2.96 sec
volume = 987.197
stored this run in mongodb DocId = 58644f80c10157038ef33c49 (zero means failed SWMM run)
Run Number 13
Total Greened Acres 2168.58
[310, 1415, 1909, 740, 188, 169, 184, 878, 559, 614, 72, 308, 203, 121, 361, 115, 297, 125, 178, 460, 412, 117, 520, 143, 3, 100, 71, 162, 475, 101, 117, 125, 120, 230, 83, 206, 17, 242, 159, 218, 115, 144, 43, 84, 236, 1, 18, 15, 2, 19, 3, 5, 21, 64, 71, 9, 9, 13, 16, 2, 23, 48, 25, 5, 6, 5, 83, 20, 19, 24, 44, 9, 19, 2, 13, 8, 48, 49, 24, 17, 13, 26, 10, 17, 4, 7, 14, 14, 13, 3]
0.0 min, 0.01 sec
stored this run in mongodb DocId = 0 (zero means failed SWMM run)
Run Number 14
Total Greened Acres 2435.46
[431, 1282, 1418, 488, 155, 109, 239, 52, 692, 153, 92, 414, 131, 232, 163, 41, 221, 186, 31, 349, 78, 278, 351, 209, 31, 372, 187, 221, 403, 142, 261, 387, 118, 216, 78, 131, 170, 6, 336, 246, 65, 73, 32, 211, 144, 11, 73, 92, 20, 13, 70, 2, 114, 25, 108, 77, 12, 86, 23, 20, 11, 27, 45, 70, 21, 18, 34, 46, 41, 4, 5, 23, 13, 5, 71, 2, 8, 4, 11, 5, 27, 14, 40, 0, 0, 8, 28, 22, 11, 0]
0.0 min, 0.01 sec
stored this run in mongodb DocId = 0 (zero means failed SWMM run)
Run Number 15
Total Greened Acres 1940.99
[76, 1764, 119, 377, 362, 363, 220, 725, 56, 255, 351, 328, 41, 359, 193, 210, 258, 69, 228, 236, 52, 506, 70, 282, 100, 365, 226, 73, 389, 583, 65, 194, 206, 281, 353, 238, 302, 2, 177, 0, 153, 57, 119, 69, 264, 27, 16, 17, 37, 0, 26, 8, 16, 102, 59, 57, 6, 66, 3, 16, 9, 6, 4, 51, 39, 16, 6, 3, 1, 2, 4, 10, 33, 2, 1, 33, 40, 29, 15, 0, 6, 0, 4, 1, 10, 6, 14, 8, 13, 0]
3.0 min, 6.38 sec
volume = 1068.049
stored this run in mongodb DocId = 5864503bc10157038ef33c4a (zero means failed SWMM run)
Run Number 16
Total Greened Acres 2331.74
[515, 1840, 1857, 35, 286, 213, 8, 984, 333, 273, 513, 248, 577, 372, 307, 137, 352, 174, 328, 430, 41, 617, 53, 87, 120, 237, 52, 265, 370, 180, 291, 372, 66, 331, 176, 87, 258, 181, 59, 156, 78, 89, 63, 233, 172, 15, 14, 37, 88, 13, 25, 29, 3, 73, 103, 44, 31, 21, 0, 8, 1, 30, 11, 22, 3, 21, 3, 88, 46, 5, 19, 4, 22, 7, 34, 5, 1, 30, 3, 15, 2, 0, 15, 11, 2, 11, 25, 8, 3, 0]
0.0 min, 0.01 sec
stored this run in mongodb DocId = 0 (zero means failed SWMM run)
Run Number 17
Total Greened Acres 2060.56
[22, 805, 1755, 100, 351, 30, 277, 202, 491, 729, 197, 43, 50, 48, 126, 161, 240, 176, 182, 164, 365, 273, 437, 330, 126, 134, 312, 41, 8, 296, 161, 265, 85, 343, 66, 315, 55, 108, 57, 9, 159, 21, 76, 160, 99, 89, 2, 39, 89, 0, 64, 1, 97, 53, 37, 68, 12, 29, 25, 22, 51, 28, 5, 12, 7, 1, 40, 19, 14, 4, 26, 4, 35, 8, 10, 12, 6, 40, 3, 36, 0, 7, 2, 49, 6, 0, 4, 12, 12, 5]
0.0 min, 0.01 sec
stored this run in mongodb DocId = 0 (zero means failed SWMM run)
Run Number 18
Total Greened Acres 2170.97
[55, 1388, 1763, 5, 264, 482, 57, 511, 168, 555, 288, 135, 685, 19, 130, 84, 323, 211, 225, 480, 264, 300, 336, 504, 32, 309, 96, 20, 391, 449, 243, 279, 340, 10, 250, 7, 256, 221, 143, 47, 12, 215, 117, 69, 61, 59, 34, 61, 72, 15, 9, 5, 36, 67, 25, 10, 29, 12, 4, 32, 41, 26, 7, 45, 0, 17, 49, 14, 6, 14, 15, 37, 51, 3, 2, 12, 10, 11, 4, 25, 13, 0, 10, 4, 11, 3, 0, 4, 24, 24]
0.0 min, 0.02 sec
stored this run in mongodb DocId = 0 (zero means failed SWMM run)
Run Number 19
Total Greened Acres 2068.04
[411, 1715, 988, 111, 59, 215, 170, 801, 90, 104, 642, 171, 94, 22, 56, 21, 526, 43, 463, 369, 436, 660, 577, 29, 80, 20, 205, 323, 335, 288, 296, 441, 300, 348, 204, 123, 200, 124, 111, 77, 144, 90, 159, 72, 105, 45, 14, 63, 11, 43, 32, 17, 34, 127, 10, 11, 73, 19, 36, 10, 0, 7, 28, 5, 18, 0, 2, 4, 0, 17, 9, 16, 9, 1, 12, 0, 5, 18, 0, 20, 10, 13, 5, 13, 11, 8, 9, 1, 27, 27]
0.0 min, 0.01 sec
stored this run in mongodb DocId = 0 (zero means failed SWMM run)
Run Number 20
Total Greened Acres 1966.62
[354, 279, 1454, 272, 130, 461, 5, 784, 362, 106, 295, 88, 511, 86, 311, 239, 149, 383, 101, 454, 153, 614, 74, 296, 14, 35, 29, 335, 121, 182, 215, 146, 179, 245, 102, 121, 110, 99, 76, 182, 130, 65, 106, 10, 255, 10, 169, 23, 22, 34, 9, 17, 31, 45, 48, 8, 7, 23, 15, 5, 37, 7, 15, 6, 1, 6, 4, 55, 29, 17, 43, 55, 2, 29, 6, 9, 0, 12, 20, 39, 0, 5, 19, 18, 7, 6, 26, 3, 13, 1]
0.0 min, 0.01 sec
stored this run in mongodb DocId = 0 (zero means failed SWMM run)
FINISHED ALL RUNS


Run Number 1
Total Greened Acres 1158.40
[274, 97, 796, 39, 6, 161, 21, 391, 220, 35, 76, 228, 16, 61, 122, 98, 104, 204, 55, 126, 182, 157, 196, 203, 44, 56, 74, 134, 154, 106, 84, 176, 3, 84, 36, 8, 47, 71, 45, 28, 62, 74, 35, 35, 42, 24, 83, 75, 12, 14, 27, 7, 28, 24, 26, 22, 19, 2, 1, 6, 7, 7, 9, 6, 14, 8, 8, 25, 17, 0, 10, 0, 16, 18, 33, 0, 7, 7, 19, 26, 11, 3, 3, 5, 4, 8, 9, 5, 15, 5]
2.0 min, 59.68 sec
volume = 1374.194
stored this run in mongodb DocId = 58646475c10157038ef33c5f (zero means failed SWMM run)
Run Number 2
Total Greened Acres 1068.25
[268, 72, 784, 270, 35, 35, 70, 21, 88, 378, 254, 250, 213, 17, 99, 126, 44, 34, 32, 158, 5, 92, 22, 87, 44, 148, 5, 127, 114, 222, 98, 17, 76, 57, 189, 47, 11, 77, 1, 84, 80, 50, 74, 10, 16, 15, 57, 38, 20, 8, 33, 6, 5, 16, 6, 18, 6, 21, 2, 7, 13, 17, 27, 21, 19, 19, 21, 4, 31, 5, 3, 0, 7, 7, 12, 9, 15, 20, 9, 0, 17, 14, 3, 16, 5, 4, 2, 1, 18, 10]
2.0 min, 58.34 sec
volume = 1421.103
stored this run in mongodb DocId = 58646528c10157038ef33c60 (zero means failed SWMM run)
Run Number 3
Total Greened Acres 1101.38
[85, 732, 341, 129, 73, 226, 103, 264, 281, 49, 76, 178, 243, 36, 62, 39, 56, 125, 38, 181, 11, 137, 85, 21, 9, 10, 107, 155, 106, 118, 31, 74, 29, 138, 67, 40, 40, 67, 15, 55, 59, 55, 17, 106, 14, 0, 64, 82, 38, 1, 3, 4, 24, 25, 20, 6, 28, 27, 11, 8, 11, 22, 19, 25, 5, 29, 2, 24, 26, 3, 2, 17, 9, 2, 10, 2, 1, 9, 10, 13, 8, 17, 13, 18, 7, 0, 2, 4, 4, 0]
3.0 min, 0.90 sec
volume = 1400.167
stored this run in mongodb DocId = 586465ddc10157038ef33c61 (zero means failed SWMM run)
Run Number 4
Total Greened Acres 1184.27
[111, 365, 853, 89, 92, 105, 112, 287, 112, 373, 231, 124, 56, 130, 99, 16, 73, 159, 101, 0, 143, 61, 24, 170, 84, 155, 114, 45, 53, 103, 109, 11, 96, 117, 134, 30, 70, 110, 110, 45, 69, 70, 39, 79, 108, 20, 33, 63, 38, 0, 12, 5, 13, 12, 23, 10, 26, 45, 10, 0, 12, 6, 20, 25, 21, 9, 33, 1, 25, 5, 15, 9, 13, 14, 34, 2, 20, 8, 16, 6, 3, 4, 14, 4, 12, 3, 1, 2, 13, 3]
2.0 min, 56.87 sec
volume = 1354.379
stored this run in mongodb DocId = 5864668fc10157038ef33c62 (zero means failed SWMM run)
Run Number 5
Total Greened Acres 1140.92
[88, 320, 352, 81, 60, 125, 85, 75, 379, 24, 75, 225, 56, 109, 33, 171, 31, 108, 127, 51, 55, 129, 29, 185, 54, 101, 43, 110, 122, 227, 129, 111, 125, 70, 65, 8, 30, 78, 82, 46, 43, 74, 54, 13, 112, 35, 88, 116, 43, 17, 11, 4, 27, 10, 45, 4, 11, 15, 1, 15, 7, 23, 9, 15, 2, 3, 4, 32, 4, 6, 13, 17, 4, 13, 10, 11, 2, 11, 17, 21, 8, 10, 8, 0, 6, 4, 2, 7, 0, 9]
2.0 min, 58.34 sec
volume = 1388.828
stored this run in mongodb DocId = 58646742c10157038ef33c63 (zero means failed SWMM run)
Run Number 6
Total Greened Acres 1127.46
[177, 676, 408, 148, 131, 118, 93, 123, 95, 368, 97, 260, 251, 151, 44, 105, 146, 99, 134, 154, 157, 24, 183, 85, 51, 149, 132, 145, 126, 160, 71, 77, 164, 60, 168, 92, 101, 117, 40, 31, 39, 10, 38, 68, 70, 17, 5, 70, 3, 7, 0, 11, 47, 3, 34, 32, 2, 33, 9, 16, 4, 24, 1, 27, 6, 6, 4, 21, 25, 6, 0, 14, 9, 13, 2, 0, 7, 4, 5, 16, 0, 6, 9, 19, 0, 5, 5, 8, 7, 7]
2.0 min, 58.58 sec
volume = 1371.042
stored this run in mongodb DocId = 586467f5c10157038ef33c64 (zero means failed SWMM run)
Run Number 7
Total Greened Acres 990.89
[72, 516, 688, 102, 140, 31, 110, 376, 99, 184, 159, 14, 17, 101, 121, 137, 172, 63, 212, 129, 90, 136, 64, 165, 62, 125, 146, 51, 74, 100, 120, 55, 101, 152, 66, 83, 59, 28, 50, 62, 43, 27, 17, 27, 42, 0, 42, 2, 17, 15, 29, 6, 13, 12, 39, 11, 7, 23, 2, 0, 15, 4, 23, 7, 3, 2, 13, 8, 14, 9, 1, 12, 19, 2, 11, 13, 4, 20, 12, 0, 2, 14, 19, 10, 1, 1, 5, 0, 8, 13]
2.0 min, 59.12 sec
volume = 1420.499
stored this run in mongodb DocId = 586468a9c10157038ef33c65 (zero means failed SWMM run)
Run Number 8
Total Greened Acres 1159.88
[113, 775, 447, 264, 80, 219, 118, 23, 0, 139, 118, 192, 251, 49, 119, 158, 138, 105, 176, 195, 49, 65, 63, 222, 35, 136, 27, 34, 120, 254, 47, 60, 126, 104, 10, 46, 118, 77, 1, 24, 8, 80, 46, 91, 77, 35, 35, 82, 1, 15, 0, 7, 14, 18, 28, 3, 20, 15, 10, 10, 10, 9, 28, 18, 20, 0, 30, 17, 18, 6, 6, 10, 16, 14, 8, 15, 8, 21, 9, 26, 5, 2, 10, 6, 2, 7, 6, 6, 7, 8]
2.0 min, 58.05 sec
volume = 1369.633
stored this run in mongodb DocId = 5864695cc10157038ef33c66 (zero means failed SWMM run)
Run Number 9
Total Greened Acres 1107.51
[238, 151, 88, 107, 53, 147, 54, 152, 291, 393, 282, 76, 257, 22, 122, 125, 178, 149, 92, 98, 62, 29, 74, 26, 64, 87, 105, 35, 157, 225, 46, 84, 13, 1, 20, 8, 111, 56, 91, 88, 21, 69, 44, 34, 104, 19, 3, 107, 4, 2, 25, 12, 34, 36, 22, 23, 0, 23, 6, 3, 24, 23, 23, 21, 9, 3, 30, 23, 6, 5, 21, 16, 7, 2, 21, 12, 25, 3, 1, 20, 6, 5, 17, 15, 3, 0, 3, 10, 0, 5]
2.0 min, 56.46 sec
volume = 1392.215
stored this run in mongodb DocId = 58646a0dc10157038ef33c67 (zero means failed SWMM run)
Run Number 10
Total Greened Acres 1208.48
[283, 380, 714, 255, 36, 35, 38, 378, 245, 223, 226, 31, 218, 31, 22, 175, 151, 157, 11, 140, 26, 137, 53, 59, 55, 89, 103, 81, 14, 59, 6, 155, 58, 78, 27, 93, 67, 130, 99, 86, 74, 80, 74, 99, 38, 3, 37, 61, 19, 22, 27, 7, 7, 47, 45, 4, 7, 15, 8, 20, 1, 14, 17, 16, 15, 21, 3, 37, 7, 5, 21, 18, 16, 26, 23, 11, 0, 20, 10, 7, 13, 13, 5, 0, 7, 8, 4, 6, 12, 9]
3.0 min, 1.05 sec
volume = 1322.074
stored this run in mongodb DocId = 58646ac2c10157038ef33c68 (zero means failed SWMM run)
Run Number 11
Total Greened Acres 1190.56
[37, 13, 792, 157, 130, 227, 37, 21, 303, 319, 304, 129, 246, 113, 115, 192, 225, 17, 37, 17, 167, 207, 74, 144, 50, 169, 106, 94, 200, 149, 2, 119, 141, 17, 146, 112, 34, 42, 38, 25, 27, 58, 32, 34, 110, 9, 70, 46, 37, 12, 22, 11, 6, 43, 20, 11, 21, 22, 11, 12, 1, 15, 2, 15, 23, 1, 15, 21, 21, 4, 14, 4, 15, 16, 30, 11, 11, 4, 7, 4, 5, 5, 8, 3, 8, 9, 7, 6, 18, 4]
2.0 min, 54.98 sec
volume = 1356.256
stored this run in mongodb DocId = 58646b72c10157038ef33c69 (zero means failed SWMM run)
Run Number 12
Total Greened Acres 1076.63
[81, 414, 757, 31, 46, 139, 120, 400, 306, 6, 61, 73, 58, 66, 141, 126, 61, 33, 109, 56, 25, 201, 250, 82, 67, 174, 61, 81, 98, 12, 65, 150, 116, 130, 131, 102, 63, 108, 86, 20, 14, 24, 48, 92, 119, 11, 57, 18, 2, 4, 7, 7, 25, 4, 24, 34, 6, 24, 3, 13, 2, 27, 10, 7, 21, 5, 16, 26, 19, 4, 11, 19, 10, 11, 9, 15, 5, 19, 16, 14, 5, 15, 3, 11, 7, 5, 4, 1, 7, 10]
2.0 min, 53.55 sec
volume = 1394.835
stored this run in mongodb DocId = 58646c20c10157038ef33c6a (zero means failed SWMM run)
Run Number 13
Total Greened Acres 980.18
[276, 193, 133, 192, 27, 87, 73, 192, 108, 34, 174, 243, 24, 26, 67, 120, 203, 48, 16, 177, 95, 155, 253, 183, 29, 156, 54, 66, 180, 191, 47, 12, 78, 59, 169, 67, 22, 79, 43, 102, 4, 14, 25, 7, 104, 0, 52, 21, 19, 5, 2, 3, 4, 33, 19, 13, 16, 31, 7, 3, 3, 12, 8, 23, 4, 19, 13, 19, 23, 9, 4, 16, 13, 19, 20, 4, 11, 24, 0, 1, 0, 10, 15, 9, 5, 5, 8, 2, 16, 12]
2.0 min, 54.85 sec
volume = 1467.109
stored this run in mongodb DocId = 58646cd0c10157038ef33c6b (zero means failed SWMM run)
Run Number 14
Total Greened Acres 1266.66
[10, 404, 513, 255, 88, 116, 34, 136, 365, 414, 5, 29, 184, 15, 109, 110, 240, 154, 154, 89, 111, 249, 24, 58, 16, 108, 153, 160, 191, 82, 111, 148, 6, 62, 122, 38, 80, 41, 10, 38, 38, 51, 33, 25, 43, 27, 43, 80, 26, 5, 16, 8, 45, 34, 2, 48, 10, 27, 0, 0, 27, 14, 13, 24, 7, 18, 14, 36, 19, 8, 5, 12, 12, 6, 36, 11, 16, 8, 2, 19, 16, 8, 11, 18, 9, 5, 9, 1, 7, 12]
2.0 min, 54.15 sec
volume = 1311.874
stored this run in mongodb DocId = 58646d7ec10157038ef33c6c (zero means failed SWMM run)
Run Number 15
Total Greened Acres 1127.42
[220, 233, 192, 86, 45, 96, 10, 185, 269, 404, 131, 180, 102, 155, 131, 30, 211, 1, 156, 37, 69, 50, 196, 194, 35, 133, 49, 113, 8, 49, 21, 165, 115, 141, 93, 129, 68, 91, 0, 52, 48, 79, 33, 73, 22, 8, 21, 106, 20, 19, 14, 3, 54, 44, 25, 22, 15, 21, 11, 10, 18, 1, 27, 1, 14, 17, 16, 6, 21, 2, 5, 17, 4, 10, 26, 18, 4, 4, 8, 2, 11, 2, 3, 8, 11, 3, 7, 3, 15, 4]
2.0 min, 53.29 sec
volume = 1388.136
stored this run in mongodb DocId = 58646e2cc10157038ef33c6d (zero means failed SWMM run)
Run Number 16
Total Greened Acres 1049.64
[28, 412, 351, 54, 134, 64, 56, 312, 268, 96, 99, 80, 71, 23, 29, 61, 4, 107, 53, 170, 61, 216, 63, 77, 64, 118, 105, 113, 125, 84, 126, 102, 73, 141, 178, 123, 53, 120, 34, 14, 6, 49, 72, 49, 102, 7, 38, 26, 24, 5, 10, 6, 24, 18, 38, 3, 27, 9, 8, 12, 7, 34, 3, 6, 12, 18, 21, 19, 21, 9, 16, 8, 16, 18, 32, 4, 12, 10, 5, 3, 4, 15, 0, 21, 15, 10, 5, 6, 5, 5]
2.0 min, 52.75 sec
volume = 1418.58
stored this run in mongodb DocId = 58646edac10157038ef33c6e (zero means failed SWMM run)
Run Number 17
Total Greened Acres 1174.91
[109, 472, 273, 151, 104, 83, 93, 253, 187, 97, 107, 186, 201, 25, 47, 54, 125, 193, 30, 86, 16, 68, 133, 76, 18, 86, 84, 143, 79, 148, 18, 30, 183, 13, 42, 21, 46, 121, 68, 17, 46, 82, 15, 64, 77, 16, 35, 121, 15, 16, 1, 12, 3, 50, 13, 4, 16, 37, 5, 15, 1, 31, 12, 32, 27, 6, 23, 18, 29, 6, 22, 1, 5, 8, 28, 14, 7, 7, 21, 3, 15, 17, 9, 15, 3, 9, 7, 8, 10, 14]
2.0 min, 55.22 sec
volume = 1368.476
stored this run in mongodb DocId = 58646f8ac10157038ef33c6f (zero means failed SWMM run)
Run Number 18
Total Greened Acres 1094.61
[99, 72, 687, 274, 70, 196, 80, 97, 296, 278, 214, 248, 43, 14, 141, 101, 228, 44, 26, 114, 72, 258, 57, 207, 20, 83, 10, 1, 165, 49, 4, 81, 166, 15, 90, 73, 57, 115, 55, 68, 28, 50, 10, 12, 103, 13, 47, 39, 23, 11, 7, 12, 15, 22, 5, 12, 12, 45, 5, 4, 14, 7, 0, 26, 5, 5, 12, 30, 9, 11, 9, 4, 21, 6, 38, 1, 24, 6, 8, 23, 13, 4, 14, 12, 1, 5, 12, 4, 11, 10]
2.0 min, 52.65 sec
volume = 1405.667
stored this run in mongodb DocId = 58647037c10157038ef33c70 (zero means failed SWMM run)
Run Number 19
Total Greened Acres 1237.90
[203, 24, 767, 152, 96, 174, 63, 130, 275, 125, 31, 16, 292, 42, 92, 167, 54, 116, 124, 128, 80, 240, 33, 167, 32, 147, 145, 156, 120, 129, 76, 105, 68, 104, 158, 16, 70, 6, 85, 71, 49, 80, 72, 92, 118, 27, 110, 6, 14, 4, 24, 8, 21, 24, 51, 27, 17, 13, 1, 14, 10, 24, 12, 14, 18, 5, 24, 31, 15, 11, 2, 9, 5, 21, 19, 15, 9, 13, 16, 16, 18, 12, 12, 9, 8, 5, 5, 7, 6, 4]
2.0 min, 53.71 sec
volume = 1323.385
stored this run in mongodb DocId = 586470e5c10157038ef33c71 (zero means failed SWMM run)
Run Number 20
Total Greened Acres 1287.58
[249, 761, 825, 111, 130, 189, 30, 358, 71, 9, 236, 48, 237, 1, 87, 64, 240, 151, 40, 83, 93, 145, 264, 117, 65, 33, 137, 141, 100, 13, 99, 28, 75, 72, 158, 69, 45, 9, 27, 40, 49, 60, 35, 49, 69, 11, 46, 81, 5, 8, 14, 2, 15, 52, 57, 11, 0, 34, 26, 3, 33, 4, 17, 7, 19, 14, 14, 15, 19, 0, 21, 11, 10, 0, 24, 13, 24, 21, 20, 12, 8, 17, 10, 11, 5, 2, 8, 10, 1, 9]
2.0 min, 55.61 sec
volume = 1289.684
stored this run in mongodb DocId = 58647196c10157038ef33c72 (zero means failed SWMM run)
Run Number 21
Total Greened Acres 1072.77
[184, 14, 288, 117, 15, 75, 41, 346, 105, 163, 50, 18, 106, 78, 0, 26, 232, 212, 160, 164, 64, 167, 200, 4, 67, 58, 6, 137, 42, 131, 133, 109, 103, 43, 175, 69, 3, 102, 13, 103, 9, 37, 23, 41, 55, 1, 80, 30, 19, 12, 7, 13, 36, 30, 54, 28, 11, 23, 0, 21, 33, 12, 4, 17, 9, 19, 3, 1, 24, 8, 16, 21, 14, 0, 21, 12, 3, 5, 20, 4, 13, 17, 14, 3, 1, 5, 13, 0, 6, 5]
2.0 min, 58.22 sec
volume = 1409.363
stored this run in mongodb DocId = 58647248c10157038ef33c73 (zero means failed SWMM run)
Run Number 22
Total Greened Acres 1089.66
[142, 603, 346, 285, 139, 190, 2, 59, 265, 314, 5, 36, 192, 4, 115, 47, 14, 68, 211, 135, 142, 230, 64, 67, 63, 132, 25, 85, 112, 21, 65, 156, 112, 12, 18, 76, 119, 122, 37, 61, 5, 8, 30, 84, 38, 13, 52, 9, 25, 9, 14, 11, 25, 13, 49, 8, 37, 7, 11, 8, 10, 11, 22, 4, 3, 16, 24, 22, 12, 7, 15, 22, 12, 5, 5, 1, 17, 22, 24, 22, 8, 1, 7, 9, 11, 0, 2, 8, 3, 8]
2.0 min, 56.61 sec
volume = 1399.888
stored this run in mongodb DocId = 586472fac10157038ef33c74 (zero means failed SWMM run)
Run Number 23
Total Greened Acres 1035.39
[208, 463, 2, 12, 98, 232, 100, 248, 363, 64, 168, 245, 18, 42, 135, 50, 179, 161, 207, 48, 163, 261, 28, 50, 67, 87, 119, 85, 200, 61, 43, 99, 177, 8, 60, 50, 52, 22, 10, 6, 58, 48, 39, 86, 78, 6, 62, 44, 19, 13, 17, 12, 21, 33, 51, 26, 1, 8, 10, 9, 14, 5, 8, 7, 0, 0, 9, 26, 9, 7, 7, 6, 17, 4, 9, 10, 17, 8, 3, 2, 9, 16, 11, 4, 1, 2, 7, 10, 12, 0]
2.0 min, 57.16 sec
volume = 1425.511
stored this run in mongodb DocId = 586473acc10157038ef33c75 (zero means failed SWMM run)
Run Number 24
Total Greened Acres 1087.29
[61, 92, 309, 31, 104, 10, 14, 129, 148, 22, 160, 1, 95, 85, 123, 224, 134, 126, 174, 1, 78, 256, 206, 216, 73, 112, 8, 154, 118, 38, 133, 7, 58, 107, 122, 76, 28, 113, 125, 47, 59, 37, 60, 120, 86, 10, 29, 91, 7, 11, 11, 10, 27, 45, 28, 16, 21, 18, 2, 4, 9, 22, 12, 13, 1, 20, 19, 24, 2, 4, 16, 21, 8, 14, 24, 11, 30, 18, 8, 7, 1, 13, 7, 12, 8, 7, 9, 2, 7, 4]
2.0 min, 58.12 sec
volume = 1404.157
stored this run in mongodb DocId = 5864745ec10157038ef33c76 (zero means failed SWMM run)
Run Number 25
Total Greened Acres 1098.66
[153, 369, 467, 305, 146, 164, 62, 18, 27, 84, 294, 118, 232, 89, 54, 82, 15, 149, 62, 135, 184, 145, 83, 169, 2, 50, 89, 62, 29, 158, 83, 82, 91, 111, 46, 64, 11, 38, 74, 46, 14, 31, 73, 109, 71, 33, 37, 25, 23, 14, 13, 9, 7, 31, 26, 24, 15, 22, 6, 0, 20, 21, 9, 12, 10, 14, 30, 5, 25, 2, 22, 10, 15, 10, 2, 10, 18, 21, 17, 7, 15, 9, 11, 2, 10, 2, 10, 2, 6, 14]
2.0 min, 57.14 sec
volume = 1392.825
stored this run in mongodb DocId = 58647510c10157038ef33c77 (zero means failed SWMM run)
Run Number 26
Total Greened Acres 1202.40
[144, 328, 679, 159, 11, 10, 12, 332, 295, 307, 114, 202, 217, 98, 147, 139, 242, 186, 103, 112, 45, 254, 109, 90, 66, 158, 34, 52, 22, 195, 119, 129, 8, 144, 100, 128, 63, 67, 111, 40, 8, 100, 78, 81, 33, 7, 47, 21, 31, 8, 24, 5, 8, 42, 43, 12, 1, 34, 12, 11, 13, 11, 16, 24, 6, 10, 4, 24, 21, 4, 14, 7, 7, 18, 20, 5, 8, 23, 10, 18, 10, 7, 15, 0, 9, 7, 3, 6, 2, 8]
2.0 min, 57.04 sec
volume = 1337.788
stored this run in mongodb DocId = 586475c2c10157038ef33c78 (zero means failed SWMM run)
Run Number 27
Total Greened Acres 1058.01
[150, 603, 159, 145, 118, 192, 46, 25, 200, 85, 219, 105, 44, 11, 135, 3, 203, 81, 42, 20, 156, 120, 226, 60, 79, 143, 17, 71, 3, 48, 28, 179, 39, 94, 142, 52, 45, 3, 8, 64, 8, 71, 49, 106, 71, 36, 69, 8, 22, 10, 23, 6, 22, 42, 42, 22, 13, 22, 12, 5, 16, 22, 3, 30, 24, 14, 10, 7, 14, 7, 1, 1, 6, 15, 3, 6, 0, 19, 0, 11, 3, 17, 20, 14, 4, 4, 7, 6, 10, 5]
2.0 min, 57.99 sec
volume = 1417.272
stored this run in mongodb DocId = 58647675c10157038ef33c79 (zero means failed SWMM run)
Run Number 28
Total Greened Acres 1102.55
[206, 229, 557, 259, 36, 218, 29, 165, 269, 58, 234, 132, 68, 116, 146, 101, 106, 163, 131, 116, 49, 64, 255, 101, 3, 127, 17, 160, 17, 23, 127, 124, 19, 74, 153, 41, 95, 47, 31, 21, 78, 38, 49, 22, 36, 12, 27, 30, 7, 11, 15, 15, 43, 4, 37, 18, 1, 12, 16, 11, 5, 18, 13, 13, 5, 21, 38, 12, 24, 7, 10, 15, 6, 16, 22, 1, 7, 30, 12, 6, 7, 14, 12, 15, 13, 3, 9, 6, 0, 13]
2.0 min, 59.01 sec
volume = 1381.032
stored this run in mongodb DocId = 58647728c10157038ef33c7a (zero means failed SWMM run)
Run Number 29
Total Greened Acres 1120.68
[225, 629, 831, 145, 133, 57, 44, 392, 23, 216, 4, 255, 186, 137, 87, 78, 176, 11, 189, 157, 17, 121, 4, 96, 43, 173, 103, 86, 124, 162, 71, 84, 117, 0, 143, 73, 48, 126, 142, 79, 20, 73, 22, 94, 119, 21, 5, 16, 17, 2, 7, 15, 6, 4, 34, 49, 6, 26, 3, 10, 18, 8, 0, 3, 21, 28, 35, 4, 8, 8, 10, 10, 15, 1, 15, 4, 11, 11, 16, 15, 13, 3, 12, 3, 0, 11, 9, 8, 12, 11]
2.0 min, 56.51 sec
volume = 1376.204
stored this run in mongodb DocId = 586477d9c10157038ef33c7b (zero means failed SWMM run)
Run Number 30
Total Greened Acres 1092.84
[124, 289, 148, 196, 77, 154, 4, 266, 316, 198, 236, 55, 224, 112, 111, 182, 238, 96, 178, 63, 11, 69, 170, 151, 33, 99, 126, 60, 163, 152, 4, 65, 85, 23, 146, 121, 8, 114, 14, 7, 8, 32, 72, 75, 97, 14, 14, 40, 24, 20, 13, 13, 44, 42, 49, 17, 13, 12, 12, 10, 16, 18, 1, 17, 2, 19, 11, 0, 9, 5, 14, 4, 3, 3, 25, 14, 9, 6, 19, 15, 5, 2, 14, 20, 13, 5, 1, 5, 3, 0]
2.0 min, 57.40 sec
volume = 1390.162
stored this run in mongodb DocId = 5864788bc10157038ef33c7c (zero means failed SWMM run)
Run Number 31
Total Greened Acres 1195.87
[127, 155, 634, 121, 99, 72, 88, 129, 162, 42, 192, 139, 306, 91, 108, 128, 232, 128, 121, 63, 38, 224, 117, 98, 46, 30, 130, 68, 5, 217, 132, 104, 149, 85, 9, 35, 16, 60, 82, 3, 54, 5, 31, 63, 113, 18, 112, 71, 34, 1, 21, 2, 23, 52, 28, 18, 10, 27, 8, 8, 19, 2, 17, 10, 22, 5, 2, 12, 11, 3, 21, 16, 3, 1, 23, 8, 15, 12, 9, 16, 9, 15, 6, 0, 7, 4, 8, 5, 13, 11]
3.0 min, 1.29 sec
volume = 1356.524
stored this run in mongodb DocId = 58647941c10157038ef33c7d (zero means failed SWMM run)
Run Number 32
Total Greened Acres 1144.85
[227, 372, 764, 52, 128, 103, 3, 285, 117, 306, 112, 179, 303, 78, 27, 141, 190, 170, 41, 160, 89, 101, 94, 90, 69, 34, 63, 143, 81, 180, 48, 57, 179, 64, 31, 82, 125, 67, 3, 19, 51, 20, 5, 35, 45, 1, 3, 81, 19, 12, 29, 16, 2, 11, 23, 40, 10, 29, 21, 2, 18, 0, 2, 6, 17, 1, 21, 31, 18, 3, 10, 8, 15, 0, 26, 14, 27, 7, 2, 25, 10, 10, 9, 8, 5, 2, 6, 5, 17, 10]
2.0 min, 57.71 sec
volume = 1371.195
stored this run in mongodb DocId = 586479f4c10157038ef33c7e (zero means failed SWMM run)
Run Number 33
Total Greened Acres 1153.39
[153, 361, 491, 80, 58, 119, 39, 376, 284, 172, 117, 209, 171, 9, 123, 0, 105, 119, 18, 167, 45, 158, 252, 25, 16, 158, 31, 55, 16, 105, 59, 131, 40, 69, 104, 49, 54, 4, 90, 53, 33, 94, 51, 60, 87, 2, 13, 67, 41, 7, 0, 3, 39, 22, 29, 6, 12, 18, 9, 14, 22, 7, 17, 29, 14, 16, 15, 17, 21, 8, 10, 8, 12, 19, 32, 8, 22, 25, 16, 22, 4, 8, 6, 11, 4, 10, 9, 9, 6, 8]
3.0 min, 0.33 sec
volume = 1372.051
stored this run in mongodb DocId = 58647aa9c10157038ef33c7f (zero means failed SWMM run)
Run Number 34
Total Greened Acres 1172.76
[102, 616, 592, 196, 130, 127, 83, 16, 205, 89, 227, 24, 222, 5, 36, 153, 224, 165, 222, 189, 58, 242, 120, 185, 37, 59, 105, 74, 126, 114, 26, 12, 191, 30, 19, 38, 65, 23, 43, 56, 51, 9, 20, 118, 106, 23, 83, 81, 4, 12, 24, 9, 30, 22, 30, 25, 31, 6, 2, 0, 7, 25, 2, 3, 0, 20, 3, 29, 13, 11, 13, 1, 17, 12, 2, 13, 16, 7, 5, 12, 0, 8, 7, 16, 3, 2, 2, 5, 13, 11]
2.0 min, 59.09 sec
volume = 1358.961
stored this run in mongodb DocId = 58647b5dc10157038ef33c80 (zero means failed SWMM run)
Run Number 35
Total Greened Acres 1139.87
[293, 633, 240, 175, 50, 72, 116, 26, 337, 301, 148, 48, 159, 116, 3, 78, 180, 149, 1, 172, 96, 56, 51, 136, 30, 122, 80, 117, 123, 222, 56, 132, 200, 134, 162, 71, 124, 130, 136, 56, 49, 30, 10, 51, 93, 10, 1, 36, 9, 15, 19, 8, 27, 40, 50, 24, 0, 3, 12, 7, 32, 1, 22, 30, 20, 6, 18, 8, 20, 0, 13, 7, 8, 22, 10, 7, 5, 16, 2, 7, 3, 5, 11, 14, 12, 7, 3, 6, 17, 9]
2.0 min, 58.33 sec
volume = 1361.003
stored this run in mongodb DocId = 58647c10c10157038ef33c81 (zero means failed SWMM run)
Run Number 36
Total Greened Acres 1145.86
[209, 9, 535, 155, 108, 98, 65, 242, 1, 74, 155, 101, 239, 113, 49, 33, 87, 33, 199, 22, 98, 100, 126, 134, 24, 15, 42, 159, 48, 129, 82, 159, 196, 89, 24, 16, 15, 81, 111, 40, 29, 79, 15, 35, 75, 0, 92, 66, 15, 9, 30, 6, 27, 52, 9, 22, 23, 25, 4, 20, 16, 23, 7, 20, 4, 18, 5, 24, 14, 10, 25, 13, 7, 10, 6, 13, 7, 20, 6, 23, 1, 6, 14, 9, 9, 11, 6, 5, 12, 5]
2.0 min, 54.14 sec
volume = 1382.955
stored this run in mongodb DocId = 58647cbec10157038ef33c82 (zero means failed SWMM run)
Run Number 37
Total Greened Acres 1205.44
[244, 609, 178, 254, 15, 214, 13, 195, 370, 47, 274, 157, 24, 13, 68, 70, 178, 0, 57, 108, 90, 127, 140, 34, 30, 72, 9, 121, 138, 127, 54, 184, 142, 107, 181, 65, 119, 71, 28, 22, 41, 29, 8, 118, 114, 5, 70, 112, 8, 23, 16, 12, 31, 26, 0, 21, 8, 15, 12, 18, 5, 28, 0, 31, 19, 23, 35, 20, 16, 9, 4, 14, 6, 12, 8, 7, 5, 22, 13, 7, 0, 11, 11, 11, 3, 1, 3, 11, 12, 2]
2.0 min, 56.28 sec
volume = 1346.524
stored this run in mongodb DocId = 58647d6fc10157038ef33c83 (zero means failed SWMM run)
Run Number 38
Total Greened Acres 1079.52
[36, 578, 64, 22, 105, 51, 115, 206, 326, 415, 290, 5, 269, 113, 127, 101, 59, 107, 101, 34, 78, 121, 245, 223, 85, 79, 74, 1, 188, 84, 114, 35, 51, 68, 56, 28, 108, 125, 44, 35, 29, 7, 59, 25, 9, 23, 9, 88, 10, 12, 33, 5, 37, 1, 14, 30, 24, 32, 9, 6, 2, 27, 5, 26, 26, 4, 1, 2, 16, 1, 1, 15, 12, 4, 27, 1, 19, 15, 1, 17, 0, 1, 11, 19, 1, 4, 12, 6, 0, 0]
3.0 min, 8.61 sec
volume = 1404.816
stored this run in mongodb DocId = 58647e2dc10157038ef33c84 (zero means failed SWMM run)
Run Number 39
Total Greened Acres 1154.84
[120, 127, 617, 64, 38, 88, 119, 104, 114, 44, 92, 100, 196, 125, 139, 128, 233, 146, 58, 142, 29, 197, 116, 130, 79, 18, 127, 84, 55, 148, 55, 92, 116, 15, 129, 98, 104, 64, 45, 44, 65, 33, 34, 14, 40, 6, 15, 55, 27, 19, 13, 2, 40, 27, 66, 12, 7, 35, 0, 8, 8, 11, 24, 29, 19, 9, 13, 10, 16, 3, 24, 6, 9, 17, 22, 16, 22, 18, 11, 7, 10, 6, 16, 18, 12, 1, 3, 5, 16, 16]
3.0 min, 8.70 sec
volume = 1367.776
stored this run in mongodb DocId = 58647eeac10157038ef33c85 (zero means failed SWMM run)
Run Number 40
Total Greened Acres 1076.19
[294, 446, 398, 11, 63, 191, 107, 260, 247, 323, 37, 8, 119, 132, 121, 223, 47, 94, 117, 179, 137, 85, 262, 155, 62, 81, 92, 132, 190, 67, 28, 41, 63, 60, 42, 81, 39, 63, 126, 77, 53, 3, 34, 99, 50, 2, 55, 2, 18, 4, 15, 0, 2, 33, 48, 46, 17, 0, 16, 9, 17, 36, 11, 25, 7, 11, 22, 10, 13, 1, 13, 4, 12, 12, 3, 3, 4, 15, 10, 1, 7, 8, 11, 4, 1, 0, 9, 3, 5, 13]
3.0 min, 27.39 sec
volume = 1389.445
stored this run in mongodb DocId = 58647fbac10157038ef33c86 (zero means failed SWMM run)
FINISHED ALL RUNS



