Run Number 1
Total Greened Acres 527.24
[54, 63, 79, 7, 8, 71, 45, 72, 37, 71, 42, 20, 76, 84, 66, 72, 89, 84, 47, 41, 47, 22, 37, 62, 66, 11, 71, 39, 58, 68, 57, 62, 54, 67, 74, 80, 9, 30, 24, 81, 58, 81, 53, 43, 73, 6, 0, 3, 6, 14, 1, 8, 13, 12, 3, 12, 1, 11, 13, 0, 5, 6, 2, 1, 7, 6, 7, 7, 1, 10, 3, 4, 8, 7, 10, 4, 0, 11, 12, 2, 14, 7, 2, 13, 7, 5, 11, 3, 9, 14]
3.0 min, 4.05 sec
volume = 1669.94
stored this run in mongodb DocId = 58637e2cc1015750774a3587 (zero means failed SWMM run)
Run Number 2
Total Greened Acres 454.46
[42, 56, 43, 62, 75, 84, 11, 31, 23, 80, 9, 67, 43, 11, 84, 7, 18, 60, 43, 55, 28, 41, 19, 51, 9, 0, 23, 21, 10, 57, 29, 8, 6, 10, 53, 46, 7, 25, 11, 62, 29, 66, 84, 71, 76, 9, 2, 8, 4, 14, 4, 1, 1, 7, 11, 6, 13, 5, 5, 2, 9, 0, 11, 12, 6, 2, 0, 13, 9, 6, 3, 7, 14, 1, 10, 2, 6, 8, 12, 3, 2, 5, 6, 14, 9, 0, 10, 4, 13, 10]
3.0 min, 12.91 sec
volume = 1722.792
stored this run in mongodb DocId = 58637eeec1015750774a3588 (zero means failed SWMM run)
Run Number 3
Total Greened Acres 548.17
[49, 10, 82, 87, 5, 18, 65, 69, 2, 36, 20, 44, 79, 16, 73, 19, 42, 49, 66, 74, 42, 31, 66, 78, 21, 75, 77, 56, 50, 11, 13, 43, 61, 85, 23, 29, 61, 45, 59, 25, 77, 82, 83, 1, 88, 9, 11, 3, 9, 13, 0, 2, 11, 12, 2, 10, 10, 5, 14, 11, 4, 2, 12, 10, 9, 4, 4, 10, 13, 5, 0, 14, 10, 2, 8, 7, 7, 4, 2, 12, 11, 14, 0, 6, 11, 12, 14, 7, 13, 3]
3.0 min, 11.19 sec
volume = 1670.392
stored this run in mongodb DocId = 58637faec1015750774a3589 (zero means failed SWMM run)
Run Number 4
Total Greened Acres 516.99
[77, 64, 34, 38, 22, 36, 11, 72, 45, 46, 66, 64, 18, 24, 45, 20, 19, 89, 83, 69, 51, 18, 58, 31, 61, 87, 82, 16, 49, 4, 39, 66, 49, 87, 82, 33, 34, 19, 22, 65, 77, 1, 36, 19, 25, 7, 0, 1, 14, 13, 3, 8, 13, 12, 14, 12, 8, 5, 9, 7, 14, 12, 1, 10, 6, 12, 4, 8, 8, 5, 5, 0, 1, 2, 8, 6, 4, 5, 13, 7, 3, 14, 6, 9, 1, 12, 12, 6, 0, 13]
3.0 min, 6.19 sec
volume = 1686.273
stored this run in mongodb DocId = 58638068c1015750774a358a (zero means failed SWMM run)
Run Number 5
Total Greened Acres 455.30
[71, 30, 38, 16, 68, 82, 53, 36, 33, 1, 30, 57, 14, 52, 22, 53, 28, 78, 2, 5, 5, 1, 83, 32, 73, 57, 18, 3, 23, 85, 9, 23, 34, 22, 44, 48, 29, 60, 67, 10, 0, 9, 41, 17, 80, 14, 6, 11, 0, 2, 8, 11, 9, 10, 1, 6, 9, 2, 6, 7, 14, 11, 10, 3, 4, 13, 5, 13, 7, 5, 0, 6, 11, 5, 14, 5, 9, 4, 7, 9, 6, 6, 11, 1, 3, 13, 3, 8, 1, 2]
2.0 min, 59.46 sec
volume = 1722.721
stored this run in mongodb DocId = 5863811dc1015750774a358b (zero means failed SWMM run)
Run Number 6
Total Greened Acres 490.53
[27, 58, 61, 21, 19, 49, 21, 87, 79, 37, 55, 86, 69, 19, 22, 17, 51, 62, 88, 0, 13, 70, 18, 85, 81, 34, 34, 82, 58, 36, 75, 65, 26, 86, 54, 27, 22, 15, 69, 68, 36, 71, 73, 45, 48, 10, 10, 11, 14, 5, 11, 3, 6, 6, 10, 0, 10, 14, 8, 2, 6, 1, 2, 9, 7, 3, 9, 5, 6, 14, 3, 4, 6, 7, 12, 3, 3, 7, 4, 1, 14, 6, 2, 4, 12, 2, 11, 0, 0, 4]
2.0 min, 56.66 sec
volume = 1697.512
stored this run in mongodb DocId = 586381cec1015750774a358c (zero means failed SWMM run)
Run Number 7
Total Greened Acres 515.59
[73, 17, 79, 57, 22, 52, 49, 55, 16, 8, 37, 68, 58, 74, 57, 18, 76, 88, 36, 76, 69, 41, 38, 70, 47, 59, 18, 43, 66, 62, 67, 87, 5, 48, 56, 74, 88, 9, 14, 6, 30, 53, 0, 3, 73, 11, 9, 14, 2, 4, 14, 7, 5, 12, 12, 7, 13, 4, 8, 13, 4, 10, 6, 5, 10, 6, 0, 0, 7, 5, 10, 13, 6, 11, 3, 10, 4, 12, 1, 0, 7, 12, 14, 1, 8, 3, 4, 1, 2, 12]
2.0 min, 56.60 sec
volume = 1688.528
stored this run in mongodb DocId = 5863827fc1015750774a358d (zero means failed SWMM run)
Run Number 8
Total Greened Acres 496.71
[76, 61, 63, 13, 83, 16, 51, 78, 9, 16, 50, 18, 2, 79, 66, 8, 6, 61, 76, 42, 64, 17, 82, 14, 81, 23, 31, 19, 89, 65, 46, 27, 24, 34, 8, 19, 63, 47, 61, 41, 14, 39, 28, 56, 31, 3, 4, 13, 5, 9, 6, 0, 11, 12, 0, 13, 3, 14, 1, 6, 4, 3, 14, 7, 8, 13, 12, 13, 8, 1, 9, 10, 5, 7, 4, 1, 12, 11, 2, 14, 4, 12, 10, 0, 6, 4, 9, 6, 8, 11]
3.0 min, 12.07 sec
volume = 1693.348
stored this run in mongodb DocId = 58638340c1015750774a358e (zero means failed SWMM run)
Run Number 9
Total Greened Acres 445.96
[14, 16, 51, 86, 17, 36, 14, 10, 75, 12, 72, 46, 36, 70, 18, 10, 9, 23, 33, 30, 30, 26, 62, 43, 67, 16, 13, 24, 17, 75, 9, 24, 48, 73, 30, 37, 28, 4, 0, 12, 60, 31, 18, 1, 29, 2, 12, 2, 12, 12, 9, 9, 1, 12, 4, 14, 11, 8, 13, 2, 14, 10, 8, 1, 8, 1, 12, 6, 13, 13, 7, 10, 5, 9, 2, 1, 0, 1, 1, 1, 0, 12, 14, 6, 1, 6, 14, 14, 5, 3]
2.0 min, 57.08 sec
volume = 1729.869
stored this run in mongodb DocId = 586383f2c1015750774a358f (zero means failed SWMM run)
Run Number 10
Total Greened Acres 482.05
[60, 8, 50, 69, 1, 17, 37, 68, 8, 10, 65, 87, 15, 64, 41, 71, 16, 67, 1, 60, 84, 77, 11, 7, 7, 16, 84, 32, 50, 13, 16, 53, 17, 13, 31, 17, 9, 53, 59, 89, 73, 68, 81, 31, 38, 11, 13, 12, 5, 10, 11, 0, 11, 5, 6, 9, 12, 9, 8, 10, 9, 13, 10, 6, 6, 6, 6, 1, 0, 2, 1, 9, 0, 4, 6, 3, 2, 3, 8, 5, 12, 6, 4, 1, 4, 14, 7, 14, 14, 10]
2.0 min, 56.68 sec
volume = 1709.099
stored this run in mongodb DocId = 586384a3c1015750774a3590 (zero means failed SWMM run)
Run Number 11
Total Greened Acres 574.19
[54, 76, 4, 8, 46, 10, 52, 43, 71, 20, 25, 13, 41, 68, 84, 43, 12, 28, 52, 57, 80, 28, 65, 75, 61, 43, 1, 37, 36, 58, 5, 61, 69, 60, 23, 84, 63, 45, 84, 77, 68, 21, 88, 51, 67, 5, 12, 10, 8, 3, 8, 12, 11, 8, 13, 2, 2, 11, 10, 11, 12, 14, 12, 3, 6, 13, 9, 6, 14, 7, 9, 12, 6, 11, 6, 12, 0, 12, 8, 2, 11, 0, 12, 5, 9, 5, 8, 10, 11, 12]
3.0 min, 3.85 sec
volume = 1653.729
stored this run in mongodb DocId = 5863855cc1015750774a3591 (zero means failed SWMM run)
Run Number 12
Total Greened Acres 477.93
[83, 1, 32, 24, 75, 58, 31, 70, 65, 53, 68, 47, 39, 68, 8, 8, 10, 44, 37, 4, 80, 1, 41, 69, 28, 51, 73, 9, 43, 80, 7, 5, 89, 79, 71, 70, 7, 51, 49, 80, 22, 42, 55, 50, 13, 5, 3, 0, 6, 10, 2, 11, 11, 0, 14, 1, 1, 2, 11, 5, 4, 7, 4, 4, 13, 2, 10, 3, 10, 5, 11, 6, 12, 14, 13, 7, 11, 0, 6, 4, 0, 11, 2, 13, 13, 11, 13, 0, 3, 4]
2.0 min, 57.19 sec
volume = 1701.97
stored this run in mongodb DocId = 5863860dc1015750774a3592 (zero means failed SWMM run)
Run Number 13
Total Greened Acres 477.91
[68, 52, 32, 20, 84, 0, 38, 82, 25, 52, 78, 13, 35, 52, 51, 39, 82, 16, 18, 20, 47, 51, 69, 13, 63, 26, 75, 15, 23, 4, 9, 56, 26, 74, 54, 26, 60, 30, 43, 60, 60, 62, 42, 42, 56, 0, 11, 8, 8, 4, 7, 9, 7, 3, 4, 2, 10, 3, 4, 11, 2, 1, 8, 4, 13, 7, 4, 1, 2, 6, 13, 7, 14, 9, 9, 7, 12, 9, 1, 2, 10, 6, 12, 9, 13, 3, 1, 5, 14, 8]
2.0 min, 56.33 sec
volume = 1703.404
stored this run in mongodb DocId = 586386bec1015750774a3593 (zero means failed SWMM run)
Run Number 14
Total Greened Acres 559.76
[48, 78, 87, 37, 6, 4, 64, 48, 5, 12, 13, 89, 51, 77, 20, 1, 67, 68, 57, 40, 19, 37, 55, 88, 89, 22, 19, 61, 35, 22, 83, 58, 36, 65, 0, 16, 1, 55, 69, 28, 67, 47, 82, 87, 84, 6, 11, 12, 7, 6, 2, 2, 8, 14, 11, 7, 6, 0, 12, 7, 12, 14, 6, 3, 9, 3, 1, 4, 8, 14, 8, 11, 7, 3, 7, 10, 1, 11, 12, 12, 10, 11, 14, 13, 10, 5, 13, 6, 12, 13]
2.0 min, 58.36 sec
volume = 1668.209
stored this run in mongodb DocId = 58638771c1015750774a3594 (zero means failed SWMM run)
Run Number 15
Total Greened Acres 528.55
[56, 24, 18, 36, 61, 59, 85, 42, 37, 14, 6, 66, 32, 88, 69, 28, 20, 62, 53, 18, 57, 34, 49, 69, 88, 12, 40, 11, 78, 70, 17, 13, 20, 88, 24, 84, 42, 67, 63, 15, 4, 79, 74, 33, 70, 11, 8, 2, 8, 12, 3, 9, 5, 13, 13, 7, 14, 12, 1, 2, 5, 10, 2, 2, 11, 8, 10, 9, 9, 3, 9, 7, 12, 14, 11, 0, 10, 7, 3, 6, 8, 6, 2, 7, 1, 10, 14, 13, 3, 11]
2.0 min, 57.52 sec
volume = 1684.113
stored this run in mongodb DocId = 58638824c1015750774a3595 (zero means failed SWMM run)
Run Number 16
Total Greened Acres 538.46
[30, 24, 45, 4, 37, 42, 66, 38, 57, 62, 42, 25, 32, 70, 70, 87, 43, 19, 26, 40, 87, 66, 67, 89, 35, 1, 16, 55, 77, 14, 11, 63, 43, 33, 75, 0, 36, 40, 64, 85, 67, 87, 73, 54, 21, 0, 10, 10, 9, 6, 1, 11, 8, 14, 4, 7, 7, 2, 5, 1, 5, 12, 4, 5, 14, 11, 8, 12, 8, 2, 11, 3, 8, 5, 3, 13, 2, 14, 14, 10, 14, 8, 7, 8, 14, 12, 4, 1, 11, 11]
2.0 min, 53.01 sec
volume = 1672.688
stored this run in mongodb DocId = 586388d1c1015750774a3596 (zero means failed SWMM run)
Run Number 17
Total Greened Acres 519.36
[33, 81, 25, 69, 36, 20, 23, 8, 57, 59, 53, 63, 50, 8, 18, 29, 85, 56, 89, 34, 79, 73, 38, 24, 37, 80, 28, 53, 44, 85, 2, 80, 2, 72, 68, 23, 36, 47, 10, 14, 63, 20, 15, 46, 20, 14, 1, 10, 9, 12, 6, 6, 12, 3, 4, 2, 14, 13, 3, 12, 1, 4, 9, 6, 1, 13, 7, 14, 11, 11, 13, 4, 2, 6, 5, 11, 14, 2, 14, 1, 0, 6, 13, 3, 8, 11, 11, 8, 6, 10]
2.0 min, 52.58 sec
volume = 1690.745
stored this run in mongodb DocId = 5863897ec1015750774a3597 (zero means failed SWMM run)
Run Number 18
Total Greened Acres 515.42
[2, 10, 49, 17, 83, 79, 32, 79, 49, 42, 37, 76, 48, 29, 49, 4, 58, 9, 31, 88, 19, 56, 28, 58, 82, 71, 0, 25, 16, 63, 89, 14, 71, 83, 42, 85, 21, 79, 69, 68, 83, 55, 73, 57, 84, 3, 10, 1, 0, 1, 9, 12, 9, 5, 3, 2, 0, 1, 11, 2, 8, 10, 12, 5, 9, 1, 14, 13, 10, 3, 2, 10, 9, 11, 8, 2, 11, 0, 3, 10, 6, 1, 10, 12, 9, 9, 6, 10, 13, 13]
2.0 min, 56.30 sec
volume = 1681.789
stored this run in mongodb DocId = 58638a2fc1015750774a3598 (zero means failed SWMM run)
Run Number 19
Total Greened Acres 482.81
[13, 4, 29, 71, 45, 82, 44, 54, 56, 83, 80, 21, 1, 5, 27, 85, 40, 64, 16, 26, 85, 61, 45, 77, 77, 49, 12, 55, 42, 22, 18, 7, 31, 66, 50, 69, 49, 37, 22, 56, 40, 12, 60, 89, 15, 3, 0, 7, 5, 8, 6, 4, 10, 14, 3, 4, 9, 0, 10, 14, 0, 9, 9, 12, 6, 11, 1, 9, 1, 7, 14, 8, 8, 4, 1, 9, 11, 11, 9, 9, 6, 9, 14, 1, 10, 2, 2, 6, 1, 6]
2.0 min, 54.91 sec
volume = 1700.975
stored this run in mongodb DocId = 58638adfc1015750774a3599 (zero means failed SWMM run)
Run Number 20
Total Greened Acres 499.43
[5, 9, 70, 63, 36, 89, 39, 41, 87, 15, 24, 88, 12, 7, 60, 62, 0, 37, 34, 15, 16, 47, 35, 57, 72, 26, 80, 49, 35, 56, 19, 19, 73, 13, 47, 29, 36, 31, 58, 66, 16, 72, 11, 4, 80, 3, 4, 3, 10, 2, 13, 1, 11, 0, 3, 10, 7, 10, 12, 12, 10, 13, 10, 14, 11, 12, 5, 6, 1, 8, 6, 5, 12, 3, 5, 6, 4, 4, 3, 10, 11, 12, 0, 6, 11, 10, 11, 2, 14, 11]
2.0 min, 58.54 sec
volume = 1699.804
stored this run in mongodb DocId = 58638b92c1015750774a359a (zero means failed SWMM run)
Run Number 21
Total Greened Acres 494.52
[79, 8, 85, 31, 14, 8, 53, 62, 16, 60, 75, 86, 59, 48, 73, 44, 75, 49, 31, 19, 24, 6, 7, 1, 87, 13, 55, 88, 48, 59, 54, 73, 43, 17, 41, 75, 69, 31, 27, 59, 37, 59, 51, 7, 47, 4, 3, 2, 0, 7, 6, 12, 13, 6, 1, 0, 10, 8, 2, 5, 11, 12, 12, 13, 6, 11, 13, 3, 6, 6, 0, 6, 13, 11, 4, 10, 7, 14, 0, 9, 12, 5, 0, 1, 8, 11, 0, 8, 4, 14]
3.0 min, 2.27 sec
volume = 1699.2
stored this run in mongodb DocId = 58638c49c1015750774a359b (zero means failed SWMM run)
Run Number 22
Total Greened Acres 434.06
[57, 4, 48, 42, 21, 56, 61, 6, 76, 68, 27, 32, 5, 54, 37, 36, 84, 43, 29, 34, 43, 86, 10, 64, 77, 1, 18, 32, 73, 84, 50, 67, 78, 66, 27, 62, 17, 76, 26, 12, 78, 2, 88, 2, 79, 0, 10, 4, 9, 6, 8, 2, 7, 7, 10, 0, 8, 14, 10, 4, 3, 1, 10, 8, 1, 1, 3, 3, 2, 2, 7, 0, 9, 5, 4, 0, 0, 10, 13, 14, 0, 1, 1, 6, 9, 11, 8, 6, 8, 1]
3.0 min, 2.60 sec
volume = 1723.337
stored this run in mongodb DocId = 58638d00c1015750774a359c (zero means failed SWMM run)
Run Number 23
Total Greened Acres 459.28
[75, 16, 8, 73, 47, 36, 14, 6, 82, 9, 76, 23, 13, 19, 63, 61, 58, 37, 87, 2, 60, 30, 74, 63, 84, 70, 50, 38, 17, 6, 4, 1, 30, 44, 65, 79, 55, 0, 62, 88, 5, 4, 17, 21, 69, 6, 5, 9, 7, 5, 6, 1, 0, 11, 10, 0, 4, 4, 12, 4, 6, 13, 7, 5, 12, 9, 14, 1, 12, 10, 6, 13, 4, 11, 8, 10, 2, 2, 7, 0, 9, 2, 8, 6, 13, 3, 0, 10, 3, 4]
2.0 min, 59.84 sec
volume = 1711.968
stored this run in mongodb DocId = 58638db5c1015750774a359d (zero means failed SWMM run)
Run Number 24
Total Greened Acres 447.37
[36, 85, 26, 17, 80, 49, 87, 11, 29, 4, 25, 21, 85, 37, 52, 13, 3, 48, 3, 88, 61, 4, 20, 36, 2, 54, 10, 2, 77, 57, 24, 89, 23, 69, 50, 22, 39, 3, 77, 80, 38, 30, 48, 32, 32, 2, 12, 14, 11, 1, 6, 14, 0, 9, 10, 2, 0, 4, 5, 9, 2, 8, 1, 6, 13, 12, 1, 3, 12, 7, 11, 6, 12, 5, 11, 14, 1, 6, 8, 4, 6, 14, 7, 5, 5, 6, 1, 1, 1, 0]
3.0 min, 1.97 sec
volume = 1716.731
stored this run in mongodb DocId = 58638e6bc1015750774a359e (zero means failed SWMM run)
Run Number 25
Total Greened Acres 552.70
[42, 51, 65, 9, 29, 42, 52, 88, 37, 31, 57, 74, 10, 18, 78, 49, 5, 74, 41, 20, 22, 82, 15, 56, 23, 52, 12, 49, 60, 87, 77, 15, 45, 37, 89, 85, 17, 46, 2, 81, 21, 0, 13, 10, 46, 8, 0, 13, 12, 0, 11, 14, 13, 14, 8, 8, 12, 2, 9, 0, 9, 10, 8, 5, 2, 1, 6, 8, 10, 13, 14, 8, 1, 4, 14, 13, 6, 12, 10, 14, 13, 10, 11, 14, 11, 2, 5, 12, 4, 12]
3.0 min, 0.82 sec
volume = 1676.416
stored this run in mongodb DocId = 58638f21c1015750774a359f (zero means failed SWMM run)
Run Number 26
Total Greened Acres 479.64
[63, 17, 11, 4, 64, 78, 24, 63, 81, 85, 44, 10, 48, 88, 22, 21, 59, 71, 48, 16, 16, 67, 32, 56, 64, 36, 12, 24, 76, 70, 37, 0, 61, 52, 48, 12, 43, 13, 18, 24, 50, 7, 55, 32, 26, 3, 0, 0, 9, 8, 7, 7, 6, 14, 12, 14, 3, 7, 4, 2, 9, 6, 8, 0, 2, 10, 10, 11, 3, 14, 11, 0, 12, 12, 0, 2, 5, 8, 0, 5, 12, 11, 12, 10, 5, 8, 14, 9, 9, 1]
2.0 min, 57.83 sec
volume = 1701.969
stored this run in mongodb DocId = 58638fd3c1015750774a35a0 (zero means failed SWMM run)
Run Number 27
Total Greened Acres 498.65
[52, 65, 75, 86, 59, 73, 26, 56, 1, 13, 42, 8, 10, 1, 41, 38, 63, 62, 71, 88, 10, 37, 38, 73, 39, 73, 12, 61, 83, 86, 1, 34, 27, 63, 42, 1, 89, 14, 79, 65, 26, 1, 82, 79, 68, 13, 6, 12, 3, 2, 7, 13, 10, 12, 9, 9, 4, 5, 6, 12, 6, 8, 3, 7, 6, 4, 10, 10, 3, 8, 0, 0, 3, 2, 4, 14, 10, 13, 4, 13, 11, 3, 9, 0, 0, 4, 5, 11, 5, 8]
2.0 min, 57.77 sec
volume = 1689.729
stored this run in mongodb DocId = 58639086c1015750774a35a1 (zero means failed SWMM run)
Run Number 28
Total Greened Acres 515.24
[75, 80, 58, 69, 44, 6, 43, 69, 10, 37, 66, 36, 40, 0, 33, 8, 63, 33, 21, 76, 35, 12, 33, 78, 12, 54, 68, 0, 5, 89, 49, 67, 86, 73, 60, 47, 51, 85, 47, 14, 1, 23, 24, 81, 9, 13, 9, 8, 4, 13, 2, 11, 11, 0, 12, 0, 0, 7, 10, 6, 12, 7, 9, 4, 5, 14, 4, 9, 11, 12, 10, 3, 1, 0, 6, 6, 12, 9, 9, 14, 4, 14, 14, 3, 6, 13, 8, 0, 10, 5]
3.0 min, 0.09 sec
volume = 1685.227
stored this run in mongodb DocId = 5863913ac1015750774a35a2 (zero means failed SWMM run)
Run Number 29
Total Greened Acres 425.50
[8, 66, 16, 74, 63, 84, 31, 88, 34, 41, 27, 66, 56, 22, 49, 53, 10, 38, 7, 3, 71, 42, 3, 27, 8, 73, 87, 63, 56, 16, 80, 75, 23, 65, 45, 28, 35, 56, 39, 25, 71, 74, 16, 59, 45, 0, 10, 0, 1, 2, 14, 5, 13, 4, 4, 1, 4, 1, 9, 6, 7, 14, 0, 14, 1, 10, 2, 13, 6, 2, 0, 14, 5, 2, 0, 0, 3, 10, 7, 1, 4, 9, 5, 8, 0, 6, 0, 1, 8, 13]
3.0 min, 1.48 sec
volume = 1726.569
stored this run in mongodb DocId = 586391f0c1015750774a35a3 (zero means failed SWMM run)
Run Number 30
Total Greened Acres 532.54
[57, 57, 49, 77, 89, 6, 53, 77, 3, 51, 64, 71, 65, 52, 60, 83, 5, 33, 52, 26, 9, 73, 46, 6, 54, 88, 65, 40, 25, 55, 35, 45, 59, 86, 37, 36, 72, 26, 26, 12, 65, 70, 70, 80, 64, 2, 5, 7, 9, 0, 14, 13, 5, 4, 12, 7, 12, 9, 11, 0, 1, 3, 2, 4, 12, 9, 2, 14, 5, 13, 14, 9, 8, 14, 5, 9, 2, 14, 4, 8, 10, 2, 3, 1, 11, 1, 11, 2, 13, 10]
2.0 min, 54.51 sec
volume = 1678.189
stored this run in mongodb DocId = 5863929fc1015750774a35a4 (zero means failed SWMM run)
Run Number 31
Total Greened Acres 475.99
[82, 54, 71, 7, 42, 14, 46, 24, 73, 1, 57, 10, 51, 31, 60, 7, 66, 81, 27, 60, 83, 24, 58, 79, 71, 87, 78, 88, 20, 16, 20, 60, 6, 60, 32, 7, 86, 21, 79, 51, 13, 83, 26, 63, 36, 0, 6, 10, 8, 2, 2, 0, 6, 3, 11, 4, 12, 7, 5, 1, 1, 7, 14, 0, 1, 0, 6, 7, 4, 9, 14, 10, 14, 2, 10, 13, 11, 4, 8, 6, 2, 10, 1, 1, 8, 0, 10, 13, 12, 8]
2.0 min, 57.17 sec
volume = 1702.441
stored this run in mongodb DocId = 58639351c1015750774a35a5 (zero means failed SWMM run)
Run Number 32
Total Greened Acres 524.32
[88, 72, 50, 38, 83, 63, 31, 35, 74, 84, 64, 7, 81, 50, 71, 45, 37, 26, 52, 37, 29, 33, 24, 41, 48, 37, 17, 71, 29, 54, 12, 76, 61, 35, 41, 42, 67, 13, 7, 65, 24, 6, 63, 88, 74, 0, 2, 10, 0, 10, 3, 9, 8, 4, 6, 13, 1, 12, 14, 13, 3, 6, 13, 14, 3, 14, 11, 3, 13, 8, 4, 10, 13, 14, 8, 7, 12, 7, 7, 6, 1, 0, 0, 0, 4, 5, 14, 9, 7, 10]
2.0 min, 57.77 sec
volume = 1675.842
stored this run in mongodb DocId = 58639404c1015750774a35a6 (zero means failed SWMM run)
Run Number 33
Total Greened Acres 457.09
[88, 38, 81, 28, 28, 24, 44, 26, 37, 40, 39, 28, 15, 77, 3, 81, 29, 70, 18, 62, 54, 58, 31, 26, 2, 53, 36, 7, 30, 33, 30, 17, 28, 63, 10, 44, 14, 11, 5, 1, 1, 42, 11, 82, 12, 7, 1, 13, 5, 11, 3, 7, 6, 6, 13, 5, 11, 0, 6, 6, 8, 11, 13, 12, 12, 14, 3, 9, 11, 10, 5, 4, 4, 8, 2, 9, 3, 14, 5, 1, 5, 13, 14, 3, 7, 6, 11, 2, 0, 3]
2.0 min, 54.54 sec
volume = 1721.169
stored this run in mongodb DocId = 586394b3c1015750774a35a7 (zero means failed SWMM run)
Run Number 34
Total Greened Acres 465.96
[58, 82, 34, 21, 27, 49, 10, 85, 65, 7, 52, 12, 5, 74, 48, 54, 87, 25, 86, 66, 28, 17, 75, 32, 43, 72, 22, 16, 18, 35, 40, 3, 44, 18, 51, 40, 49, 37, 11, 11, 28, 25, 21, 2, 73, 7, 6, 6, 6, 13, 14, 3, 3, 6, 1, 3, 3, 1, 10, 6, 3, 13, 8, 8, 0, 5, 4, 13, 2, 5, 5, 4, 0, 0, 5, 12, 14, 11, 14, 8, 4, 12, 9, 7, 14, 2, 10, 8, 14, 8]
2.0 min, 54.45 sec
volume = 1709.285
stored this run in mongodb DocId = 58639562c1015750774a35a8 (zero means failed SWMM run)
Run Number 35
Total Greened Acres 539.83
[66, 85, 59, 78, 66, 65, 57, 1, 78, 70, 86, 75, 42, 69, 58, 66, 0, 58, 24, 18, 6, 3, 47, 74, 76, 66, 7, 41, 56, 36, 75, 69, 45, 66, 46, 29, 71, 16, 65, 43, 30, 33, 83, 18, 22, 0, 4, 10, 0, 8, 14, 5, 6, 7, 6, 8, 0, 3, 2, 8, 9, 12, 7, 13, 10, 11, 11, 1, 4, 1, 1, 9, 5, 1, 11, 10, 6, 12, 14, 12, 12, 10, 1, 5, 9, 6, 13, 12, 14, 14]
2.0 min, 55.58 sec
volume = 1669.996
stored this run in mongodb DocId = 58639612c1015750774a35a9 (zero means failed SWMM run)
Run Number 36
Total Greened Acres 498.05
[72, 77, 2, 55, 88, 88, 77, 27, 80, 66, 20, 18, 75, 86, 83, 41, 57, 28, 83, 40, 83, 48, 9, 14, 86, 45, 81, 88, 83, 5, 59, 32, 25, 88, 88, 78, 26, 26, 65, 6, 25, 33, 58, 1, 26, 6, 6, 10, 10, 5, 12, 5, 6, 5, 12, 12, 4, 1, 8, 11, 5, 2, 5, 5, 10, 0, 9, 3, 4, 0, 14, 1, 6, 0, 5, 1, 5, 13, 3, 2, 0, 14, 13, 9, 4, 9, 14, 8, 1, 4]
2.0 min, 56.25 sec
volume = 1685.171
stored this run in mongodb DocId = 586396c3c1015750774a35aa (zero means failed SWMM run)
Run Number 37
Total Greened Acres 495.10
[67, 67, 0, 37, 80, 41, 37, 86, 1, 42, 65, 48, 51, 45, 83, 64, 86, 61, 1, 23, 87, 18, 25, 53, 35, 52, 61, 2, 56, 63, 57, 8, 26, 3, 67, 73, 70, 2, 38, 64, 55, 64, 89, 9, 81, 5, 8, 8, 7, 2, 1, 5, 8, 4, 6, 13, 8, 3, 2, 5, 14, 6, 0, 14, 12, 12, 14, 1, 1, 7, 8, 2, 7, 1, 11, 3, 7, 11, 5, 9, 14, 13, 5, 0, 13, 0, 6, 3, 11, 5]
2.0 min, 53.27 sec
volume = 1694.29
stored this run in mongodb DocId = 58639771c1015750774a35ab (zero means failed SWMM run)
Run Number 38
Total Greened Acres 475.99
[22, 44, 33, 72, 26, 54, 26, 19, 40, 5, 12, 73, 63, 56, 69, 37, 10, 11, 68, 42, 41, 75, 15, 38, 85, 54, 8, 58, 74, 74, 27, 63, 60, 4, 28, 59, 10, 19, 82, 3, 70, 74, 32, 75, 70, 0, 6, 13, 13, 9, 5, 11, 7, 5, 5, 3, 7, 2, 5, 9, 3, 8, 1, 0, 13, 6, 12, 11, 0, 8, 5, 1, 10, 13, 11, 10, 14, 0, 0, 13, 2, 9, 0, 11, 0, 4, 13, 8, 8, 3]
2.0 min, 54.08 sec
volume = 1707.633
stored this run in mongodb DocId = 5863981fc1015750774a35ac (zero means failed SWMM run)
Run Number 39
Total Greened Acres 480.22
[23, 11, 71, 88, 28, 46, 26, 63, 69, 23, 4, 20, 81, 4, 9, 20, 30, 20, 50, 39, 10, 0, 13, 77, 5, 20, 52, 6, 78, 89, 80, 80, 14, 57, 31, 19, 68, 55, 22, 85, 43, 87, 53, 82, 59, 7, 6, 14, 14, 11, 1, 12, 9, 12, 0, 0, 11, 8, 1, 0, 9, 7, 10, 3, 0, 11, 8, 1, 12, 4, 13, 8, 14, 12, 7, 8, 9, 8, 1, 7, 4, 2, 2, 4, 2, 5, 12, 12, 7, 1]
2.0 min, 57.61 sec
volume = 1705.664
stored this run in mongodb DocId = 586398d2c1015750774a35ad (zero means failed SWMM run)
Run Number 40
Total Greened Acres 474.10
[14, 31, 26, 33, 52, 12, 23, 1, 60, 35, 64, 11, 12, 59, 67, 52, 53, 34, 52, 24, 11, 10, 79, 13, 24, 39, 40, 58, 8, 9, 88, 63, 70, 21, 53, 78, 22, 50, 42, 20, 88, 84, 51, 37, 29, 10, 3, 13, 2, 9, 6, 7, 4, 11, 9, 3, 4, 1, 10, 7, 7, 1, 6, 14, 5, 6, 14, 11, 14, 8, 4, 14, 4, 14, 8, 4, 8, 1, 0, 7, 3, 8, 13, 9, 0, 12, 9, 3, 0, 8]
2.0 min, 54.06 sec
volume = 1705.009
stored this run in mongodb DocId = 58639980c1015750774a35ae (zero means failed SWMM run)
Run Number 41
Total Greened Acres 487.70
[71, 87, 2, 67, 61, 28, 81, 13, 79, 35, 73, 28, 63, 16, 83, 56, 50, 35, 76, 24, 57, 39, 70, 49, 52, 7, 48, 21, 46, 9, 81, 86, 3, 51, 43, 22, 29, 26, 57, 64, 2, 5, 31, 89, 54, 12, 13, 9, 3, 3, 2, 6, 8, 4, 12, 10, 3, 6, 14, 7, 13, 10, 1, 10, 4, 8, 14, 13, 0, 6, 9, 0, 8, 3, 3, 0, 5, 0, 3, 4, 8, 3, 1, 13, 13, 7, 7, 11, 2, 9]
2.0 min, 52.93 sec
volume = 1695.265
stored this run in mongodb DocId = 58639a2ec1015750774a35af (zero means failed SWMM run)
Run Number 42
Total Greened Acres 498.03
[25, 72, 27, 78, 85, 60, 22, 47, 47, 77, 57, 62, 29, 78, 60, 50, 35, 34, 17, 11, 67, 79, 32, 65, 35, 39, 5, 16, 71, 40, 14, 1, 62, 39, 59, 0, 68, 56, 23, 59, 46, 59, 68, 57, 27, 12, 14, 5, 12, 7, 10, 4, 2, 10, 2, 2, 5, 2, 12, 0, 6, 2, 11, 12, 8, 1, 10, 10, 5, 4, 10, 4, 4, 9, 14, 1, 14, 0, 12, 12, 2, 1, 4, 12, 11, 8, 3, 7, 5, 11]
2.0 min, 54.78 sec
volume = 1693.125
stored this run in mongodb DocId = 58639addc1015750774a35b0 (zero means failed SWMM run)
Run Number 43
Total Greened Acres 464.59
[57, 37, 38, 39, 58, 76, 66, 19, 40, 60, 27, 23, 83, 41, 3, 4, 11, 8, 14, 27, 6, 61, 43, 53, 6, 75, 63, 72, 82, 4, 57, 51, 76, 51, 28, 32, 41, 36, 38, 31, 4, 35, 68, 73, 49, 13, 2, 10, 11, 3, 7, 0, 12, 10, 0, 2, 14, 2, 7, 11, 11, 12, 3, 3, 11, 5, 0, 0, 6, 14, 6, 3, 9, 8, 5, 1, 7, 4, 8, 0, 13, 6, 7, 14, 5, 9, 5, 3, 3, 12]
2.0 min, 56.97 sec
volume = 1713.33
stored this run in mongodb DocId = 58639b8fc1015750774a35b1 (zero means failed SWMM run)
Run Number 44
Total Greened Acres 478.16
[19, 87, 20, 75, 1, 64, 21, 88, 53, 50, 63, 12, 80, 33, 49, 81, 65, 51, 16, 27, 18, 3, 49, 13, 2, 68, 33, 62, 47, 82, 19, 48, 77, 23, 45, 1, 75, 0, 43, 61, 28, 48, 11, 53, 16, 9, 14, 10, 1, 7, 13, 0, 7, 11, 0, 0, 10, 13, 3, 3, 7, 6, 7, 9, 2, 9, 12, 11, 3, 10, 8, 12, 6, 3, 10, 9, 5, 1, 0, 6, 0, 9, 14, 2, 10, 12, 11, 7, 0, 8]
2.0 min, 54.79 sec
volume = 1705.364
stored this run in mongodb DocId = 58639c3ec1015750774a35b2 (zero means failed SWMM run)
Run Number 45
Total Greened Acres 504.78
[16, 29, 9, 8, 65, 62, 7, 15, 87, 84, 70, 56, 63, 83, 74, 59, 64, 2, 85, 32, 88, 66, 83, 50, 69, 10, 36, 50, 74, 10, 55, 41, 62, 43, 13, 75, 10, 58, 51, 68, 6, 44, 46, 51, 64, 5, 4, 8, 1, 12, 14, 0, 5, 2, 0, 12, 1, 11, 0, 14, 9, 2, 0, 11, 2, 6, 13, 12, 12, 4, 2, 8, 13, 4, 2, 9, 9, 9, 13, 14, 3, 2, 0, 5, 8, 13, 11, 9, 11, 0]
2.0 min, 54.97 sec
volume = 1686.217
stored this run in mongodb DocId = 58639ceec1015750774a35b3 (zero means failed SWMM run)
Run Number 46
Total Greened Acres 550.99
[3, 59, 4, 13, 2, 89, 55, 15, 24, 34, 78, 58, 32, 51, 81, 12, 36, 25, 46, 60, 59, 78, 61, 88, 58, 86, 10, 74, 86, 19, 25, 27, 76, 17, 44, 71, 87, 72, 69, 28, 59, 52, 62, 57, 17, 13, 0, 2, 13, 3, 13, 14, 6, 3, 14, 3, 6, 8, 7, 10, 3, 10, 13, 9, 12, 11, 2, 4, 4, 8, 14, 14, 12, 10, 0, 10, 0, 8, 4, 5, 7, 10, 4, 11, 11, 5, 12, 9, 12, 9]
2.0 min, 56.60 sec
volume = 1668.473
stored this run in mongodb DocId = 58639d9fc1015750774a35b4 (zero means failed SWMM run)
Run Number 47
Total Greened Acres 513.56
[38, 7, 85, 24, 42, 50, 4, 68, 88, 83, 47, 28, 0, 7, 47, 39, 7, 54, 25, 56, 77, 74, 62, 81, 33, 47, 12, 82, 24, 57, 83, 17, 26, 79, 10, 74, 82, 59, 5, 77, 44, 74, 13, 42, 70, 11, 7, 6, 7, 8, 11, 12, 10, 13, 6, 14, 4, 12, 12, 4, 7, 11, 3, 2, 13, 4, 2, 2, 10, 14, 9, 0, 4, 12, 4, 0, 12, 0, 8, 0, 9, 14, 1, 2, 3, 14, 9, 5, 11, 2]
2.0 min, 53.10 sec
volume = 1683.707
stored this run in mongodb DocId = 58639e4dc1015750774a35b5 (zero means failed SWMM run)
Run Number 48
Total Greened Acres 511.73
[18, 19, 0, 89, 62, 84, 66, 31, 22, 55, 11, 73, 3, 67, 87, 74, 82, 80, 40, 68, 3, 13, 77, 59, 9, 82, 7, 6, 3, 4, 70, 74, 9, 78, 3, 38, 8, 64, 83, 78, 77, 55, 88, 44, 31, 10, 4, 10, 12, 10, 13, 4, 3, 11, 4, 12, 5, 4, 7, 12, 10, 7, 4, 2, 5, 10, 11, 3, 12, 7, 12, 1, 5, 5, 9, 7, 12, 2, 3, 1, 7, 7, 12, 14, 1, 2, 1, 12, 12, 6]
2.0 min, 53.26 sec
volume = 1687.558
stored this run in mongodb DocId = 58639efbc1015750774a35b6 (zero means failed SWMM run)
Run Number 49
Total Greened Acres 452.81
[69, 37, 56, 24, 57, 10, 6, 56, 86, 32, 1, 10, 41, 32, 2, 29, 2, 64, 82, 43, 18, 22, 44, 52, 34, 69, 18, 44, 49, 14, 71, 87, 21, 51, 63, 6, 34, 6, 75, 80, 60, 50, 27, 21, 40, 1, 6, 7, 8, 9, 2, 11, 14, 7, 5, 6, 2, 2, 5, 11, 0, 6, 10, 11, 3, 0, 9, 10, 5, 0, 3, 14, 8, 9, 12, 4, 2, 8, 7, 10, 4, 5, 8, 0, 12, 12, 9, 11, 4, 0]
2.0 min, 55.83 sec
volume = 1713.847
stored this run in mongodb DocId = 58639fabc1015750774a35b7 (zero means failed SWMM run)
Run Number 50
Total Greened Acres 539.76
[13, 42, 20, 78, 29, 68, 64, 47, 45, 19, 25, 53, 71, 40, 87, 29, 61, 83, 49, 39, 46, 83, 6, 78, 39, 89, 25, 48, 86, 36, 24, 58, 44, 52, 35, 18, 49, 62, 78, 32, 79, 69, 18, 32, 11, 8, 10, 10, 7, 8, 4, 12, 13, 3, 1, 8, 0, 5, 12, 4, 4, 3, 9, 14, 6, 14, 6, 4, 6, 6, 8, 13, 12, 12, 2, 12, 7, 5, 8, 13, 8, 2, 10, 8, 11, 6, 3, 6, 10, 13]
2.0 min, 56.73 sec
volume = 1670.268
stored this run in mongodb DocId = 5863a05dc1015750774a35b8 (zero means failed SWMM run)
Run Number 51
Total Greened Acres 513.61
[59, 64, 83, 54, 17, 9, 0, 44, 78, 83, 74, 71, 81, 45, 48, 17, 18, 21, 72, 5, 19, 36, 54, 7, 62, 42, 17, 66, 78, 1, 78, 39, 34, 31, 76, 77, 18, 13, 9, 89, 64, 84, 41, 73, 15, 9, 6, 8, 12, 1, 13, 12, 12, 2, 3, 4, 4, 13, 3, 10, 13, 13, 5, 1, 4, 10, 8, 8, 1, 1, 14, 11, 9, 8, 0, 11, 2, 12, 8, 3, 6, 9, 3, 7, 13, 10, 4, 7, 13, 2]
2.0 min, 53.04 sec
volume = 1686.727
stored this run in mongodb DocId = 5863a10ac1015750774a35b9 (zero means failed SWMM run)
Run Number 52
Total Greened Acres 530.27
[62, 84, 5, 30, 61, 41, 79, 36, 59, 82, 7, 59, 59, 39, 4, 59, 71, 73, 73, 87, 49, 49, 13, 38, 7, 43, 1, 31, 55, 86, 29, 77, 74, 31, 0, 70, 5, 47, 61, 85, 69, 23, 19, 86, 21, 3, 11, 11, 3, 13, 13, 4, 1, 9, 13, 5, 8, 11, 5, 12, 4, 5, 2, 3, 12, 11, 13, 0, 13, 9, 9, 10, 4, 0, 5, 6, 12, 8, 10, 5, 4, 12, 8, 5, 11, 3, 9, 1, 8, 14]
2.0 min, 54.76 sec
volume = 1679.985
stored this run in mongodb DocId = 5863a1bac1015750774a35ba (zero means failed SWMM run)
Run Number 53
Total Greened Acres 464.87
[46, 86, 46, 82, 22, 34, 35, 80, 6, 29, 17, 69, 23, 63, 8, 57, 7, 43, 14, 55, 9, 43, 74, 76, 66, 88, 34, 82, 3, 28, 17, 69, 83, 52, 4, 16, 7, 86, 10, 76, 59, 68, 12, 52, 17, 1, 9, 3, 0, 6, 4, 7, 9, 11, 5, 0, 9, 7, 9, 6, 1, 12, 12, 6, 7, 3, 0, 1, 0, 3, 4, 7, 14, 13, 6, 12, 1, 3, 12, 13, 13, 4, 2, 10, 4, 11, 2, 11, 5, 10]
2.0 min, 55.64 sec
volume = 1712.22
stored this run in mongodb DocId = 5863a26ac1015750774a35bb (zero means failed SWMM run)
Run Number 54
Total Greened Acres 581.58
[85, 47, 40, 31, 83, 22, 65, 80, 51, 53, 52, 52, 76, 50, 51, 66, 36, 42, 44, 78, 84, 62, 82, 79, 16, 54, 39, 75, 70, 38, 53, 20, 30, 40, 14, 72, 34, 54, 46, 88, 32, 82, 88, 31, 3, 3, 12, 14, 14, 12, 7, 13, 0, 2, 9, 11, 5, 0, 4, 9, 3, 10, 9, 10, 1, 13, 12, 0, 5, 11, 12, 11, 4, 13, 14, 11, 7, 11, 2, 13, 7, 9, 12, 3, 8, 14, 6, 12, 4, 4]
2.0 min, 54.11 sec
volume = 1649.527
stored this run in mongodb DocId = 5863a319c1015750774a35bc (zero means failed SWMM run)
Run Number 55
Total Greened Acres 514.82
[32, 27, 62, 89, 30, 74, 40, 60, 70, 27, 89, 10, 35, 3, 32, 51, 86, 37, 54, 62, 82, 30, 85, 47, 37, 70, 12, 11, 33, 48, 59, 31, 6, 26, 84, 64, 43, 64, 54, 3, 31, 9, 57, 66, 0, 1, 10, 14, 14, 1, 0, 0, 13, 13, 13, 2, 10, 8, 1, 13, 11, 5, 2, 7, 8, 4, 9, 8, 5, 2, 13, 8, 14, 8, 13, 6, 11, 6, 5, 14, 6, 11, 3, 14, 1, 4, 8, 4, 7, 4]
2.0 min, 54.76 sec
volume = 1685.276
stored this run in mongodb DocId = 5863a3c8c1015750774a35bd (zero means failed SWMM run)
Run Number 56
Total Greened Acres 521.80
[50, 31, 88, 26, 24, 58, 52, 51, 54, 20, 61, 72, 34, 48, 59, 34, 41, 46, 32, 78, 2, 50, 17, 37, 4, 35, 45, 29, 67, 58, 4, 27, 43, 52, 26, 64, 8, 15, 56, 69, 13, 89, 82, 87, 4, 0, 12, 14, 8, 11, 12, 11, 8, 12, 6, 14, 1, 14, 6, 6, 6, 10, 12, 9, 9, 14, 4, 9, 4, 13, 13, 3, 3, 4, 6, 13, 6, 9, 8, 2, 0, 8, 4, 5, 3, 3, 9, 12, 11, 3]
2.0 min, 55.16 sec
volume = 1684.306
stored this run in mongodb DocId = 5863a478c1015750774a35be (zero means failed SWMM run)
Run Number 57
Total Greened Acres 528.72
[86, 11, 57, 20, 69, 84, 7, 53, 38, 34, 73, 31, 46, 15, 89, 63, 46, 54, 29, 43, 14, 45, 89, 73, 22, 89, 31, 88, 87, 78, 61, 71, 62, 15, 77, 2, 1, 15, 77, 39, 16, 35, 23, 42, 61, 12, 8, 14, 2, 1, 10, 3, 3, 4, 13, 7, 11, 7, 1, 0, 13, 9, 7, 10, 4, 11, 12, 9, 1, 2, 4, 2, 10, 13, 13, 14, 13, 2, 10, 8, 2, 4, 13, 13, 9, 0, 6, 6, 5, 13]
2.0 min, 56.75 sec
volume = 1679.244
stored this run in mongodb DocId = 5863a529c1015750774a35bf (zero means failed SWMM run)
Run Number 58
Total Greened Acres 477.77
[24, 6, 74, 46, 83, 4, 17, 41, 20, 78, 54, 12, 50, 75, 22, 40, 10, 3, 18, 20, 13, 73, 88, 33, 51, 1, 1, 20, 47, 84, 28, 11, 5, 57, 35, 59, 2, 37, 82, 5, 28, 12, 36, 61, 48, 12, 6, 9, 10, 7, 1, 6, 7, 13, 1, 5, 9, 10, 10, 11, 10, 7, 10, 4, 10, 9, 11, 12, 1, 9, 0, 4, 4, 4, 3, 10, 9, 14, 2, 4, 3, 5, 0, 7, 13, 11, 9, 14, 13, 9]
2.0 min, 52.97 sec
volume = 1710.17
stored this run in mongodb DocId = 5863a5d7c1015750774a35c0 (zero means failed SWMM run)
Run Number 59
Total Greened Acres 470.01
[50, 67, 6, 83, 8, 62, 25, 77, 45, 64, 51, 43, 16, 7, 58, 64, 89, 64, 60, 33, 46, 3, 33, 57, 50, 9, 85, 26, 5, 65, 3, 7, 72, 80, 7, 66, 26, 9, 26, 33, 80, 56, 27, 59, 65, 2, 14, 6, 10, 12, 0, 2, 1, 3, 1, 11, 6, 2, 6, 13, 3, 9, 4, 3, 3, 4, 8, 8, 12, 4, 10, 9, 8, 13, 3, 4, 8, 5, 3, 13, 5, 12, 12, 14, 5, 0, 4, 5, 4, 8]
2.0 min, 54.81 sec
volume = 1707.141
stored this run in mongodb DocId = 5863a686c1015750774a35c1 (zero means failed SWMM run)
Run Number 60
Total Greened Acres 469.41
[20, 46, 4, 59, 51, 69, 85, 22, 23, 14, 12, 40, 2, 69, 6, 63, 76, 88, 4, 74, 35, 36, 21, 63, 31, 52, 66, 55, 86, 40, 86, 80, 35, 58, 10, 4, 74, 56, 2, 19, 79, 19, 79, 9, 39, 7, 4, 10, 1, 12, 7, 3, 6, 0, 12, 10, 9, 11, 0, 2, 11, 12, 6, 3, 0, 7, 10, 5, 14, 1, 7, 11, 8, 1, 12, 3, 8, 2, 12, 4, 12, 14, 6, 0, 0, 8, 12, 4, 4, 1]
2.0 min, 57.19 sec
volume = 1708.235
stored this run in mongodb DocId = 5863a738c1015750774a35c2 (zero means failed SWMM run)
Run Number 61
Total Greened Acres 524.37
[29, 46, 28, 22, 74, 56, 49, 71, 36, 66, 34, 57, 63, 59, 51, 16, 67, 13, 1, 74, 74, 36, 17, 89, 22, 4, 29, 21, 16, 57, 14, 38, 2, 32, 9, 89, 74, 83, 8, 83, 57, 85, 59, 21, 18, 6, 12, 5, 5, 14, 1, 5, 5, 12, 13, 12, 4, 7, 10, 9, 0, 7, 13, 13, 11, 4, 3, 12, 13, 5, 4, 10, 0, 2, 14, 14, 12, 7, 3, 14, 6, 4, 0, 4, 4, 4, 13, 10, 12, 14]
2.0 min, 54.83 sec
volume = 1682.807
stored this run in mongodb DocId = 5863a7e8c1015750774a35c3 (zero means failed SWMM run)
Run Number 62
Total Greened Acres 530.19
[59, 5, 60, 68, 64, 70, 1, 14, 84, 39, 84, 54, 83, 60, 41, 4, 47, 69, 67, 81, 33, 77, 55, 39, 19, 58, 53, 30, 4, 69, 60, 32, 38, 72, 32, 60, 1, 55, 17, 1, 36, 51, 8, 29, 71, 8, 8, 12, 14, 2, 0, 11, 13, 2, 9, 7, 8, 6, 14, 3, 13, 1, 8, 12, 3, 7, 12, 10, 11, 11, 10, 11, 6, 8, 8, 3, 4, 1, 12, 7, 10, 3, 0, 5, 13, 11, 12, 8, 3, 7]
2.0 min, 53.66 sec
volume = 1680.527
stored this run in mongodb DocId = 5863a896c1015750774a35c4 (zero means failed SWMM run)
Run Number 63
Total Greened Acres 463.75
[67, 42, 70, 51, 84, 68, 81, 34, 40, 14, 11, 3, 4, 44, 85, 18, 8, 16, 4, 9, 61, 23, 46, 65, 40, 14, 10, 7, 51, 82, 63, 35, 59, 2, 46, 46, 85, 26, 68, 39, 78, 28, 54, 65, 49, 6, 6, 14, 7, 4, 6, 1, 0, 10, 2, 7, 0, 3, 8, 12, 9, 11, 3, 4, 12, 8, 6, 7, 4, 5, 3, 12, 3, 7, 0, 10, 5, 14, 2, 11, 5, 5, 11, 4, 14, 7, 10, 1, 1, 13]
2.0 min, 54.56 sec
volume = 1707.087
stored this run in mongodb DocId = 5863a945c1015750774a35c5 (zero means failed SWMM run)
Run Number 64
Total Greened Acres 520.08
[69, 49, 80, 13, 76, 20, 32, 6, 75, 79, 67, 1, 67, 39, 37, 5, 82, 77, 39, 45, 43, 39, 67, 74, 81, 38, 81, 48, 15, 54, 87, 27, 5, 68, 18, 84, 65, 87, 26, 67, 37, 20, 26, 17, 83, 2, 8, 10, 11, 2, 7, 9, 1, 6, 1, 1, 12, 12, 7, 9, 4, 7, 5, 3, 11, 3, 12, 11, 3, 2, 11, 13, 14, 6, 10, 3, 9, 12, 6, 12, 10, 4, 14, 10, 6, 5, 9, 4, 1, 1]
2.0 min, 56.77 sec
volume = 1680.371
stored this run in mongodb DocId = 5863a9f7c1015750774a35c6 (zero means failed SWMM run)
Run Number 65
Total Greened Acres 474.33
[23, 3, 77, 76, 13, 3, 66, 60, 24, 42, 16, 45, 40, 60, 84, 39, 32, 81, 76, 26, 7, 77, 39, 51, 14, 75, 40, 1, 78, 14, 23, 2, 35, 48, 48, 2, 44, 71, 77, 65, 87, 68, 37, 10, 55, 13, 1, 13, 12, 10, 7, 9, 5, 6, 10, 4, 8, 12, 9, 0, 2, 10, 1, 9, 14, 12, 1, 12, 0, 2, 0, 2, 7, 2, 2, 2, 8, 5, 14, 2, 10, 11, 5, 8, 6, 5, 9, 10, 4, 4]
2.0 min, 54.84 sec
volume = 1706.058
stored this run in mongodb DocId = 5863aaa6c1015750774a35c7 (zero means failed SWMM run)
Run Number 66
Total Greened Acres 485.41
[74, 64, 74, 27, 71, 80, 76, 31, 43, 30, 0, 26, 12, 48, 9, 37, 73, 43, 71, 3, 35, 31, 47, 18, 66, 36, 34, 76, 37, 31, 47, 54, 79, 31, 34, 87, 52, 60, 20, 74, 13, 60, 74, 14, 16, 8, 1, 6, 8, 12, 1, 8, 14, 10, 12, 10, 5, 7, 2, 4, 5, 6, 0, 9, 6, 7, 9, 8, 2, 0, 5, 5, 8, 2, 3, 12, 7, 7, 14, 13, 10, 3, 6, 4, 1, 5, 9, 13, 8, 8]
2.0 min, 54.32 sec
volume = 1697.538
stored this run in mongodb DocId = 5863ab55c1015750774a35c8 (zero means failed SWMM run)
Run Number 67
Total Greened Acres 502.74
[80, 77, 73, 54, 19, 75, 67, 85, 38, 21, 79, 75, 50, 36, 67, 69, 67, 61, 23, 46, 55, 36, 53, 48, 37, 8, 38, 7, 14, 83, 53, 68, 40, 71, 3, 7, 3, 34, 86, 71, 74, 78, 1, 6, 46, 7, 1, 6, 1, 4, 8, 8, 10, 7, 9, 11, 14, 3, 4, 13, 14, 10, 14, 1, 11, 5, 2, 5, 3, 3, 2, 11, 4, 8, 2, 9, 4, 10, 7, 3, 11, 9, 4, 14, 8, 2, 3, 6, 8, 5]
2.0 min, 55.21 sec
volume = 1694.972
stored this run in mongodb DocId = 5863ac05c1015750774a35c9 (zero means failed SWMM run)
Run Number 68
Total Greened Acres 503.24
[85, 38, 11, 11, 54, 53, 21, 4, 75, 60, 50, 34, 36, 12, 10, 26, 85, 80, 76, 32, 35, 16, 65, 12, 18, 37, 36, 12, 82, 57, 14, 70, 34, 59, 43, 56, 36, 83, 82, 40, 3, 40, 88, 41, 41, 5, 11, 13, 14, 2, 2, 14, 12, 6, 7, 0, 8, 13, 6, 11, 14, 8, 4, 5, 14, 9, 7, 7, 0, 14, 6, 10, 12, 5, 1, 4, 12, 9, 9, 1, 12, 4, 2, 5, 10, 10, 2, 3, 1, 5]
2.0 min, 54.21 sec
volume = 1692.641
stored this run in mongodb DocId = 5863acb4c1015750774a35ca (zero means failed SWMM run)
Run Number 69
Total Greened Acres 485.88
[17, 41, 14, 15, 3, 60, 79, 57, 14, 7, 44, 60, 50, 51, 6, 22, 80, 67, 20, 77, 80, 52, 70, 56, 25, 40, 9, 43, 55, 70, 12, 79, 43, 87, 33, 8, 19, 41, 14, 47, 7, 50, 39, 54, 56, 2, 3, 6, 10, 7, 9, 14, 12, 1, 11, 6, 1, 11, 12, 8, 2, 10, 14, 13, 7, 11, 0, 13, 3, 8, 1, 13, 3, 0, 14, 13, 11, 7, 3, 11, 5, 8, 13, 2, 6, 6, 0, 1, 8, 0]
2.0 min, 53.95 sec
volume = 1700.832
stored this run in mongodb DocId = 5863ad62c1015750774a35cb (zero means failed SWMM run)
Run Number 70
Total Greened Acres 503.20
[30, 64, 41, 35, 63, 69, 71, 59, 67, 36, 73, 68, 33, 23, 50, 17, 88, 42, 6, 49, 18, 61, 70, 63, 61, 44, 70, 54, 51, 34, 10, 15, 11, 66, 71, 8, 81, 30, 74, 47, 76, 9, 29, 33, 51, 10, 0, 2, 4, 6, 1, 14, 0, 11, 9, 11, 9, 6, 9, 1, 9, 9, 12, 7, 7, 9, 0, 1, 3, 9, 6, 9, 8, 9, 11, 10, 11, 6, 8, 3, 14, 8, 7, 11, 0, 9, 2, 13, 2, 5]
2.0 min, 53.58 sec
volume = 1692.247
stored this run in mongodb DocId = 5863ae11c1015750774a35cc (zero means failed SWMM run)
Run Number 71
Total Greened Acres 481.62
[52, 18, 9, 40, 55, 11, 6, 6, 20, 43, 29, 46, 1, 7, 25, 58, 43, 58, 30, 54, 68, 47, 21, 28, 25, 30, 34, 5, 10, 39, 46, 49, 40, 89, 18, 28, 38, 75, 44, 30, 48, 60, 50, 24, 30, 13, 14, 4, 13, 7, 2, 4, 2, 4, 13, 12, 4, 6, 8, 1, 9, 1, 4, 2, 14, 9, 12, 12, 4, 14, 2, 8, 13, 2, 2, 8, 4, 14, 14, 11, 8, 13, 9, 8, 3, 2, 4, 11, 11, 10]
2.0 min, 56.21 sec
volume = 1707.62
stored this run in mongodb DocId = 5863aec2c1015750774a35cd (zero means failed SWMM run)
Run Number 72
Total Greened Acres 465.82
[13, 19, 89, 54, 71, 32, 3, 23, 76, 27, 24, 11, 80, 3, 28, 18, 6, 45, 68, 76, 33, 53, 50, 78, 29, 43, 50, 68, 32, 57, 25, 26, 69, 55, 5, 79, 28, 78, 12, 84, 54, 69, 61, 43, 53, 14, 4, 2, 2, 12, 1, 6, 1, 13, 12, 3, 4, 11, 1, 4, 14, 7, 12, 8, 5, 13, 10, 10, 12, 3, 1, 1, 3, 3, 12, 9, 2, 10, 8, 4, 1, 6, 4, 3, 6, 7, 2, 8, 9, 1]
2.0 min, 53.00 sec
volume = 1705.399
stored this run in mongodb DocId = 5863af6fc1015750774a35ce (zero means failed SWMM run)
Run Number 73
Total Greened Acres 527.98
[56, 69, 71, 32, 12, 67, 54, 13, 30, 2, 60, 21, 21, 22, 26, 87, 85, 56, 65, 32, 16, 1, 78, 88, 27, 16, 45, 21, 27, 3, 52, 56, 3, 63, 28, 42, 33, 34, 15, 53, 17, 21, 46, 87, 73, 0, 1, 14, 6, 9, 8, 3, 2, 9, 6, 7, 6, 12, 13, 14, 14, 9, 12, 9, 10, 5, 12, 11, 14, 10, 5, 4, 8, 12, 14, 4, 12, 7, 1, 3, 13, 14, 12, 9, 3, 9, 4, 9, 3, 7]
2.0 min, 53.72 sec
volume = 1682.245
stored this run in mongodb DocId = 5863b01ec1015750774a35cf (zero means failed SWMM run)
Run Number 74
Total Greened Acres 529.04
[11, 37, 55, 5, 50, 62, 12, 60, 45, 52, 69, 29, 17, 56, 19, 9, 50, 47, 3, 6, 7, 72, 16, 16, 77, 0, 48, 9, 35, 65, 35, 66, 26, 82, 32, 78, 56, 79, 65, 41, 69, 32, 42, 48, 84, 14, 9, 8, 11, 10, 0, 14, 13, 2, 3, 7, 7, 2, 0, 11, 14, 13, 9, 11, 8, 14, 12, 11, 8, 10, 13, 13, 1, 3, 14, 9, 1, 6, 5, 0, 5, 6, 2, 13, 13, 0, 13, 1, 12, 14]
2.0 min, 54.30 sec
volume = 1682.256
stored this run in mongodb DocId = 5863b0cdc1015750774a35d0 (zero means failed SWMM run)
Run Number 75
Total Greened Acres 482.03
[69, 1, 17, 70, 45, 17, 37, 59, 3, 45, 1, 2, 27, 34, 88, 55, 77, 33, 18, 68, 14, 24, 53, 76, 65, 0, 41, 77, 30, 68, 52, 18, 5, 64, 58, 28, 2, 46, 45, 63, 51, 10, 67, 67, 7, 11, 8, 0, 7, 2, 0, 8, 14, 5, 6, 7, 0, 4, 10, 3, 11, 5, 4, 9, 1, 0, 5, 6, 14, 14, 10, 13, 13, 9, 13, 8, 10, 14, 6, 13, 2, 12, 14, 6, 6, 8, 2, 5, 4, 1]
2.0 min, 56.05 sec
volume = 1699.949
stored this run in mongodb DocId = 5863b17dc1015750774a35d1 (zero means failed SWMM run)
Run Number 76
Total Greened Acres 510.47
[54, 48, 70, 80, 48, 21, 67, 71, 86, 10, 49, 50, 70, 64, 12, 65, 15, 64, 50, 41, 54, 16, 72, 23, 72, 28, 25, 42, 61, 9, 17, 83, 86, 38, 61, 38, 25, 9, 11, 88, 1, 70, 82, 46, 83, 13, 2, 1, 9, 14, 2, 0, 11, 11, 6, 14, 9, 2, 12, 13, 13, 3, 5, 9, 2, 1, 14, 0, 10, 1, 4, 12, 8, 4, 9, 7, 9, 11, 2, 5, 1, 9, 3, 1, 13, 13, 13, 9, 0, 3]
2.0 min, 54.15 sec
volume = 1687.406
stored this run in mongodb DocId = 5863b22cc1015750774a35d2 (zero means failed SWMM run)
Run Number 77
Total Greened Acres 498.55
[1, 47, 13, 23, 60, 47, 60, 53, 52, 8, 34, 53, 84, 78, 71, 81, 26, 14, 67, 9, 31, 87, 85, 32, 11, 39, 7, 72, 30, 11, 8, 52, 41, 31, 22, 84, 16, 68, 35, 48, 50, 22, 41, 9, 65, 14, 5, 1, 13, 6, 4, 12, 1, 12, 5, 0, 8, 0, 4, 14, 12, 0, 6, 8, 8, 3, 5, 10, 1, 1, 9, 1, 6, 14, 13, 9, 13, 11, 14, 4, 11, 9, 13, 9, 13, 7, 0, 7, 8, 8]
2.0 min, 53.29 sec
volume = 1697.281
stored this run in mongodb DocId = 5863b2dac1015750774a35d3 (zero means failed SWMM run)
Run Number 78
Total Greened Acres 560.83
[38, 63, 78, 74, 3, 46, 84, 71, 40, 80, 68, 23, 3, 72, 42, 22, 45, 75, 63, 66, 17, 59, 77, 25, 17, 43, 33, 46, 56, 75, 22, 40, 86, 3, 88, 33, 37, 81, 31, 88, 48, 67, 23, 66, 3, 6, 12, 13, 5, 2, 14, 0, 13, 7, 10, 9, 12, 3, 11, 11, 3, 5, 13, 8, 9, 5, 10, 1, 7, 14, 0, 9, 11, 11, 13, 9, 1, 10, 4, 12, 4, 6, 7, 11, 7, 0, 8, 13, 13, 10]
2.0 min, 55.81 sec
volume = 1663.772
stored this run in mongodb DocId = 5863b38bc1015750774a35d4 (zero means failed SWMM run)
Run Number 79
Total Greened Acres 506.69
[68, 61, 85, 45, 60, 30, 59, 57, 13, 54, 87, 17, 72, 6, 71, 7, 17, 68, 27, 0, 34, 55, 71, 79, 4, 80, 44, 68, 42, 63, 17, 23, 32, 82, 56, 49, 17, 30, 27, 65, 46, 43, 60, 17, 45, 8, 7, 7, 4, 6, 5, 3, 12, 6, 1, 10, 0, 9, 12, 5, 4, 13, 1, 13, 1, 8, 3, 7, 13, 11, 7, 10, 11, 10, 10, 13, 11, 1, 6, 1, 14, 11, 4, 6, 14, 3, 7, 8, 1, 5]
2.0 min, 53.35 sec
volume = 1685.2
stored this run in mongodb DocId = 5863b439c1015750774a35d5 (zero means failed SWMM run)
Run Number 80
Total Greened Acres 506.16
[61, 49, 29, 10, 85, 4, 57, 47, 30, 67, 65, 74, 9, 26, 88, 6, 85, 70, 74, 44, 78, 4, 39, 57, 79, 21, 53, 50, 15, 68, 30, 4, 44, 69, 11, 21, 1, 70, 52, 79, 35, 2, 75, 71, 49, 1, 7, 2, 7, 6, 2, 13, 10, 6, 8, 14, 1, 13, 4, 7, 9, 11, 9, 12, 11, 11, 4, 8, 3, 12, 10, 5, 1, 9, 2, 2, 5, 5, 8, 11, 4, 14, 0, 4, 2, 8, 10, 11, 9, 10]
2.0 min, 53.92 sec
volume = 1689.607
stored this run in mongodb DocId = 5863b4e7c1015750774a35d6 (zero means failed SWMM run)
Run Number 81
Total Greened Acres 490.19
[45, 42, 86, 24, 63, 66, 65, 45, 38, 64, 13, 12, 75, 81, 14, 72, 41, 51, 75, 47, 33, 19, 68, 28, 12, 75, 14, 12, 35, 21, 5, 39, 28, 31, 83, 15, 37, 87, 46, 49, 26, 57, 58, 68, 54, 0, 5, 9, 9, 5, 3, 6, 5, 1, 7, 3, 1, 14, 6, 12, 10, 12, 7, 10, 2, 13, 2, 0, 13, 4, 10, 2, 10, 5, 5, 12, 13, 8, 12, 3, 3, 12, 10, 11, 1, 3, 2, 11, 10, 6]
2.0 min, 53.77 sec
volume = 1693.007
stored this run in mongodb DocId = 5863b596c1015750774a35d7 (zero means failed SWMM run)
Run Number 82
Total Greened Acres 432.90
[26, 8, 16, 54, 86, 4, 24, 51, 59, 42, 30, 67, 13, 83, 82, 79, 15, 28, 33, 53, 40, 63, 16, 68, 42, 44, 51, 61, 28, 8, 86, 6, 58, 33, 7, 38, 68, 58, 73, 83, 89, 18, 47, 39, 12, 1, 0, 1, 8, 0, 1, 5, 5, 11, 4, 8, 0, 1, 12, 3, 11, 8, 14, 0, 7, 14, 8, 3, 5, 3, 13, 5, 2, 9, 8, 1, 7, 2, 5, 8, 12, 4, 14, 1, 0, 11, 1, 2, 9, 3]
2.0 min, 55.69 sec
volume = 1722.127
stored this run in mongodb DocId = 5863b646c1015750774a35d8 (zero means failed SWMM run)
Run Number 83
Total Greened Acres 487.14
[36, 46, 60, 76, 89, 40, 88, 81, 67, 50, 40, 37, 65, 8, 81, 21, 10, 59, 62, 56, 23, 15, 57, 30, 7, 61, 12, 15, 15, 47, 2, 13, 74, 27, 47, 64, 3, 17, 44, 0, 78, 14, 37, 1, 17, 10, 7, 7, 5, 13, 0, 10, 2, 14, 13, 11, 12, 5, 10, 5, 10, 9, 9, 2, 2, 14, 4, 2, 11, 0, 0, 6, 12, 1, 14, 11, 13, 3, 3, 11, 6, 12, 5, 4, 6, 5, 11, 5, 4, 10]
2.0 min, 53.77 sec
volume = 1704.177
stored this run in mongodb DocId = 5863b6f4c1015750774a35d9 (zero means failed SWMM run)
Run Number 84
Total Greened Acres 512.09
[38, 55, 21, 15, 1, 46, 25, 74, 22, 70, 63, 55, 76, 28, 38, 9, 16, 4, 14, 56, 0, 38, 11, 6, 79, 23, 33, 62, 82, 57, 23, 46, 11, 81, 81, 49, 19, 86, 70, 41, 89, 19, 61, 26, 54, 10, 0, 11, 7, 3, 13, 1, 1, 1, 14, 8, 5, 12, 14, 12, 5, 1, 6, 11, 14, 9, 0, 2, 14, 7, 14, 13, 9, 9, 2, 13, 0, 11, 10, 0, 11, 11, 8, 1, 8, 13, 8, 7, 6, 12]
2.0 min, 52.18 sec
volume = 1690.622
stored this run in mongodb DocId = 5863b7a1c1015750774a35da (zero means failed SWMM run)
Run Number 85
Total Greened Acres 541.44
[53, 16, 54, 31, 27, 54, 64, 78, 64, 45, 30, 46, 69, 44, 76, 32, 12, 72, 40, 80, 39, 33, 57, 68, 18, 56, 24, 36, 24, 58, 81, 12, 50, 57, 81, 89, 57, 14, 77, 10, 25, 4, 13, 11, 17, 3, 13, 14, 5, 10, 10, 14, 12, 10, 11, 7, 2, 13, 10, 11, 6, 9, 12, 5, 7, 13, 12, 0, 9, 7, 6, 5, 0, 10, 4, 8, 4, 7, 5, 6, 9, 12, 5, 12, 7, 1, 14, 11, 0, 14]
2.0 min, 55.40 sec
volume = 1673.062
stored this run in mongodb DocId = 5863b851c1015750774a35db (zero means failed SWMM run)
Run Number 86
Total Greened Acres 479.89
[38, 61, 49, 37, 4, 77, 76, 36, 75, 43, 84, 45, 0, 42, 44, 87, 63, 26, 65, 7, 32, 88, 22, 76, 41, 57, 54, 82, 85, 51, 16, 9, 72, 42, 31, 65, 0, 1, 5, 25, 58, 53, 89, 75, 62, 12, 3, 7, 11, 7, 3, 6, 11, 6, 11, 5, 14, 14, 4, 0, 13, 7, 8, 4, 4, 8, 10, 4, 10, 1, 5, 4, 5, 0, 3, 5, 5, 2, 6, 13, 3, 5, 9, 3, 6, 5, 5, 8, 7, 1]
2.0 min, 53.94 sec
volume = 1702.875
stored this run in mongodb DocId = 5863b900c1015750774a35dc (zero means failed SWMM run)
Run Number 87
Total Greened Acres 502.48
[80, 54, 38, 66, 67, 23, 14, 63, 7, 28, 74, 27, 87, 0, 53, 20, 44, 22, 7, 83, 36, 47, 8, 80, 0, 48, 69, 45, 23, 52, 65, 43, 57, 68, 74, 48, 66, 81, 40, 62, 76, 63, 14, 0, 17, 11, 2, 1, 5, 13, 10, 1, 4, 14, 7, 14, 8, 3, 0, 7, 1, 8, 6, 8, 12, 2, 10, 7, 5, 3, 3, 10, 9, 5, 2, 13, 3, 8, 9, 9, 9, 9, 5, 12, 1, 13, 14, 10, 11, 2]
2.0 min, 53.76 sec
volume = 1691.26
stored this run in mongodb DocId = 5863b9aec1015750774a35dd (zero means failed SWMM run)
Run Number 88
Total Greened Acres 480.86
[64, 89, 87, 60, 0, 52, 57, 39, 89, 14, 81, 5, 44, 36, 50, 86, 4, 13, 28, 79, 49, 8, 25, 37, 66, 79, 38, 26, 23, 61, 79, 66, 55, 75, 18, 15, 13, 68, 41, 48, 75, 41, 67, 43, 48, 2, 14, 1, 6, 9, 4, 5, 0, 13, 13, 0, 14, 12, 11, 13, 10, 11, 0, 7, 0, 5, 10, 5, 0, 5, 10, 2, 4, 8, 5, 2, 13, 9, 6, 1, 2, 5, 13, 8, 2, 11, 4, 8, 0, 2]
2.0 min, 52.63 sec
volume = 1700.303
stored this run in mongodb DocId = 5863ba5cc1015750774a35de (zero means failed SWMM run)
Run Number 89
Total Greened Acres 501.91
[67, 21, 1, 71, 79, 39, 53, 5, 38, 34, 60, 77, 66, 82, 81, 24, 27, 24, 16, 33, 46, 21, 56, 55, 86, 2, 13, 61, 77, 55, 48, 76, 7, 20, 24, 11, 38, 61, 65, 13, 4, 38, 68, 45, 61, 5, 13, 12, 1, 2, 9, 8, 11, 8, 14, 8, 13, 8, 13, 12, 5, 5, 12, 5, 7, 0, 0, 0, 12, 2, 2, 11, 12, 9, 6, 2, 10, 3, 11, 9, 13, 6, 0, 4, 1, 4, 10, 4, 13, 13]
2.0 min, 55.77 sec
volume = 1698.055
stored this run in mongodb DocId = 5863bb0cc1015750774a35df (zero means failed SWMM run)
Run Number 90
Total Greened Acres 510.73
[72, 77, 73, 34, 34, 16, 63, 17, 12, 32, 34, 86, 84, 49, 15, 53, 5, 4, 88, 89, 4, 45, 41, 36, 70, 26, 65, 40, 8, 68, 35, 22, 22, 22, 39, 31, 71, 77, 54, 83, 6, 79, 5, 28, 39, 7, 3, 12, 9, 7, 10, 10, 0, 14, 14, 11, 5, 9, 4, 9, 7, 1, 9, 5, 14, 5, 3, 10, 13, 13, 8, 1, 4, 0, 0, 13, 10, 10, 4, 11, 13, 4, 14, 7, 9, 8, 2, 1, 1, 13]
2.0 min, 53.67 sec
volume = 1691.732
stored this run in mongodb DocId = 5863bbbac1015750774a35e0 (zero means failed SWMM run)
Run Number 91
Total Greened Acres 497.94
[49, 47, 16, 5, 88, 29, 16, 48, 33, 76, 61, 39, 9, 84, 64, 89, 37, 52, 2, 9, 36, 12, 81, 45, 30, 64, 73, 22, 76, 44, 44, 77, 37, 63, 76, 71, 13, 30, 34, 62, 40, 67, 85, 84, 43, 8, 11, 11, 9, 6, 1, 7, 0, 12, 9, 14, 9, 2, 8, 12, 3, 8, 4, 4, 3, 13, 8, 0, 1, 4, 4, 14, 13, 14, 5, 1, 1, 1, 12, 14, 0, 7, 4, 0, 10, 11, 4, 1, 5, 13]
2.0 min, 53.80 sec
volume = 1692.308
stored this run in mongodb DocId = 5863bc69c1015750774a35e1 (zero means failed SWMM run)
Run Number 92
Total Greened Acres 499.58
[19, 20, 89, 67, 49, 17, 64, 1, 79, 25, 11, 8, 15, 80, 63, 69, 70, 36, 34, 29, 35, 82, 31, 24, 10, 47, 23, 35, 8, 15, 18, 54, 76, 36, 28, 48, 45, 3, 53, 67, 58, 32, 7, 40, 84, 4, 14, 8, 11, 3, 10, 12, 3, 13, 2, 3, 8, 4, 0, 13, 0, 11, 14, 6, 1, 11, 6, 14, 11, 13, 3, 7, 13, 0, 14, 14, 11, 9, 5, 1, 5, 3, 9, 1, 6, 12, 8, 2, 14, 9]
2.0 min, 55.83 sec
volume = 1695.57
stored this run in mongodb DocId = 5863bd19c1015750774a35e2 (zero means failed SWMM run)
Run Number 93
Total Greened Acres 470.69
[49, 76, 83, 12, 76, 30, 20, 23, 29, 89, 26, 18, 10, 72, 5, 52, 21, 75, 70, 3, 39, 57, 79, 18, 30, 79, 10, 67, 63, 61, 20, 44, 60, 38, 33, 1, 36, 47, 41, 89, 38, 4, 59, 71, 4, 13, 9, 9, 5, 5, 2, 8, 7, 7, 13, 2, 3, 1, 12, 8, 0, 7, 9, 10, 3, 3, 3, 14, 3, 7, 9, 8, 14, 11, 13, 2, 7, 2, 10, 0, 2, 8, 2, 8, 1, 5, 8, 13, 5, 6]
2.0 min, 52.81 sec
volume = 1704.881
stored this run in mongodb DocId = 5863bdc7c1015750774a35e3 (zero means failed SWMM run)
Run Number 94
Total Greened Acres 501.29
[49, 23, 56, 81, 37, 34, 5, 56, 55, 87, 64, 83, 16, 80, 71, 84, 48, 26, 40, 27, 79, 50, 75, 74, 22, 85, 27, 32, 11, 5, 20, 19, 4, 43, 15, 24, 66, 2, 66, 60, 18, 5, 54, 86, 35, 2, 11, 7, 0, 5, 1, 2, 7, 4, 8, 3, 12, 13, 2, 4, 8, 12, 14, 2, 1, 6, 11, 14, 13, 1, 12, 14, 8, 1, 4, 6, 4, 13, 10, 13, 14, 3, 5, 2, 7, 14, 13, 3, 11, 2]
2.0 min, 54.67 sec
volume = 1697.368
stored this run in mongodb DocId = 5863be76c1015750774a35e4 (zero means failed SWMM run)
Run Number 95
Total Greened Acres 520.34
[70, 67, 37, 41, 49, 12, 47, 60, 79, 58, 46, 5, 87, 4, 30, 49, 31, 52, 85, 18, 30, 38, 63, 86, 76, 32, 17, 32, 17, 59, 58, 82, 73, 63, 62, 35, 27, 77, 87, 24, 51, 0, 26, 40, 42, 6, 6, 4, 9, 4, 0, 1, 12, 12, 7, 13, 8, 7, 0, 1, 12, 14, 5, 8, 5, 6, 2, 12, 9, 13, 13, 8, 10, 4, 7, 2, 7, 9, 8, 7, 10, 12, 2, 7, 4, 7, 4, 10, 11, 11]
2.0 min, 52.23 sec
volume = 1680.333
stored this run in mongodb DocId = 5863bf23c1015750774a35e5 (zero means failed SWMM run)
Run Number 96
Total Greened Acres 497.38
[35, 27, 87, 52, 13, 13, 8, 33, 34, 29, 80, 32, 21, 36, 44, 29, 37, 55, 41, 71, 16, 60, 78, 26, 37, 21, 28, 19, 35, 34, 29, 65, 55, 60, 56, 54, 7, 29, 16, 84, 68, 34, 61, 55, 81, 12, 9, 2, 10, 6, 10, 4, 3, 4, 11, 12, 10, 4, 2, 7, 11, 6, 0, 8, 4, 8, 7, 4, 0, 3, 14, 10, 11, 7, 8, 6, 10, 14, 6, 1, 10, 7, 14, 10, 14, 9, 12, 4, 1, 5]
2.0 min, 56.96 sec
volume = 1697.386
stored this run in mongodb DocId = 5863bfd4c1015750774a35e6 (zero means failed SWMM run)
Run Number 97
Total Greened Acres 484.70
[35, 16, 32, 33, 14, 10, 31, 5, 50, 77, 70, 10, 59, 73, 1, 8, 8, 46, 7, 37, 69, 35, 64, 75, 73, 57, 52, 71, 84, 18, 77, 7, 27, 55, 78, 38, 54, 6, 88, 64, 24, 27, 35, 30, 78, 12, 8, 6, 13, 0, 8, 0, 10, 12, 11, 10, 4, 13, 5, 12, 7, 11, 13, 9, 0, 9, 2, 6, 3, 12, 0, 13, 8, 7, 12, 0, 8, 0, 4, 2, 8, 8, 2, 0, 6, 13, 4, 12, 2, 9]
2.0 min, 53.88 sec
volume = 1698.874
stored this run in mongodb DocId = 5863c083c1015750774a35e7 (zero means failed SWMM run)
Run Number 98
Total Greened Acres 523.90
[82, 15, 67, 66, 51, 8, 28, 78, 74, 51, 68, 84, 86, 26, 38, 21, 37, 9, 64, 53, 5, 27, 28, 48, 49, 83, 2, 56, 23, 76, 21, 1, 75, 75, 68, 58, 0, 44, 67, 76, 19, 67, 26, 65, 29, 0, 13, 5, 5, 9, 8, 6, 4, 14, 9, 3, 9, 11, 7, 10, 13, 9, 7, 8, 3, 11, 5, 7, 14, 6, 12, 5, 10, 4, 10, 10, 1, 11, 7, 12, 3, 0, 1, 14, 7, 1, 4, 13, 3, 12]
2.0 min, 53.32 sec
volume = 1684.993
stored this run in mongodb DocId = 5863c131c1015750774a35e8 (zero means failed SWMM run)
Run Number 99
Total Greened Acres 492.24
[11, 70, 88, 29, 3, 4, 81, 36, 51, 24, 1, 75, 40, 12, 60, 45, 15, 80, 48, 44, 3, 66, 86, 70, 37, 0, 45, 81, 13, 60, 20, 77, 45, 64, 43, 39, 89, 28, 50, 64, 75, 49, 45, 30, 81, 10, 14, 3, 14, 12, 0, 11, 2, 3, 1, 6, 7, 10, 5, 12, 7, 0, 2, 3, 5, 6, 14, 11, 11, 0, 3, 9, 6, 10, 5, 14, 8, 8, 8, 1, 11, 9, 2, 0, 13, 0, 0, 13, 9, 6]
2.0 min, 55.58 sec
volume = 1698.237
stored this run in mongodb DocId = 5863c1e1c1015750774a35e9 (zero means failed SWMM run)
Run Number 100
Total Greened Acres 451.86
[31, 74, 59, 61, 57, 79, 81, 15, 61, 1, 33, 0, 81, 49, 86, 69, 89, 16, 12, 6, 10, 9, 50, 83, 74, 42, 26, 26, 22, 5, 58, 27, 29, 20, 71, 82, 50, 87, 20, 35, 12, 18, 13, 6, 16, 4, 6, 3, 7, 2, 10, 5, 5, 5, 7, 8, 13, 0, 1, 6, 9, 5, 6, 9, 11, 2, 1, 9, 0, 10, 14, 0, 6, 12, 5, 3, 14, 9, 11, 4, 11, 8, 12, 1, 12, 8, 0, 2, 8, 1]
2.0 min, 52.80 sec
volume = 1717.335
stored this run in mongodb DocId = 5863c28fc1015750774a35ea (zero means failed SWMM run)
FINISHED ALL RUNS
